0
-0
-0
0
-0
0
-0
-0
0
-0
0
-0
-0
0
-0
0
-0
-0
0
-0
0
-0
-0
0
-0
0
-0
-0
0
-0
0
-0
-0
0
-0
0
-0
-0
0
-0
0
-0
-0
0
-0
0
-0
-0
0
-0
0
-0
-0
0
-0
0
-0
-0
0
-0
0
-0
-0
0
-0
0
-0
-0
0
-0
0
-0
-0
0
-0
0
-0
-0
0
-0
0
-0
-0
0
-0
0
-0
-0
0
-0
0
-0
-0
0
-0
0
-0
-0
0
-0
0
-0
-0
0
-0
0
-0
-0
0
-0
0
-0
-0
0
-0
0
-0
-0
0
-0
0
-0
-0
0
-0
0
-0
-0
0
-0
0
-0
-0
0
-0
0
-0
-0
0
-0
0
-0
-0
0
-0
0
-0
-0
0
-0
0
-0
-0
0
-0
0
-0
-0
0
-0
0
-0
-0
0
-0
0
-0
-0
0
-0
0
-0
-0
0
-0
0
-0
-0
0
-0
0
-0
-0
0
-0
0
-0
-0
0
-0
0
2.1
-0
0
-0
4.6
3.23333
-0
0
-0
6.26667
10.8333
-0
0
-0
18.3667
22.9667
-0
0
-0
27.9
30.4667
-0
0
-0
38.9333
37.4333
-0
0
-0
46.0667
44.7667
-0
0
-0
52.0667
49.4333
-0
0
-0
52.0667
49.4333
-0
0
-0
55.7
56.7333
-0
0
-0
60.4
66.9333
-0
0
-0
65.9333
70.2333
-0
0
-0
69.7667
71.0333
-0
0
-0
73.4333
69.7667
-0
0
-0
70.1667
69.7333
-0
0
-0
68.2
65.5333
-0
0
-0
64.5
64.3333
-0
0
-0
64.4333
63.3667
-0
0
-0
61.2333
61.5333
-0
0
-0
61.2
61.7333
-0
0
-0
61
62.1667
-0
0
-0
60.4333
64.3333
-0
0
-0
62.1333
62.4667
-0
0
-0
61.8333
63.5667
-0
0
-0
63.3667
63.2
-0
0
-0
63.2
63.7667
-0
0
-0
65.0667
63.7
-0
0
-0
64.4333
63.1
-0
0
-0
65.8667
61.7
-0
0
-0
64.7
62.8667
-0
0
-0
63.6667
62.9667
-0
0
-0
63.9333
61.6333
-0
0
-0
62.6667
63.7333
-0
0
-0
62.3667
64.1667
-0
0
-0
63.5
62.6
-0
0
-0
63.5333
62.1333
-0
0
-0
64.4667
63.1333
-0
0
-0
62.7667
63.9333
-0
0
-0
62.7667
63.9333
-0
0
-0
65.8667
63.6
-0
0
-0
63.2333
64.7333
-0
0
-0
63.8667
64.5333
-0
0
-0
64.2
64.4
-0
0
-0
63.7
64.6
-0
0
-0
63.7
63.5667
-0
0
-0
63.3333
63.8667
-0
0
-0
62.3333
64.2667
-0
0
-0
61.4
64.3
-0
0
-0
64.1333
62.6333
-0
0
-0
62.7
63.9667
-0
0
-0
63.3667
62.7
-0
0
-0
63.8667
61.6667
-0
0
-0
63.7
62.7333
-0
0
-0
63.5333
62.9333
-0
0
-0
63.5333
62.9333
-0
0
-0
63.3667
62.5667
-0
0
-0
62.6667
62.5667
-0
0
-0
60.2
63.7667
-0
0
-0
62
63.7667
-0
0
-0
61.7333
61.8667
-0
0
-0
61.6667
65.6333
-0
0
-0
63.3
64.4
-0
0
-0
63.7
63.5333
-0
0
-0
64.7
64.3
-0
0
-0
63.3667
63.5667
-0
0
-0
64
62.7667
-0
0
-0
63.8
62.7667
-0
0
-0
61.4333
63.4667
-0
0
-0
62.2
62.0667
-0
0
-0
63.3
61.4
-0
0
-0
62.7
62.8
-0
0
-0
64.5
63.1333
-0
0
-0
64.0333
63.1667
-0
0
-0
64.5333
63.4
-0
0
-0
64.3
62.6333
-0
0
-0
63.6
63.8667
-0
0
-0
62.7667
64.0667
-0
0
-0
62.7667
64.0667
-0
0
-0
64.2333
63.4
-0
0
-0
63.7333
64.2667
-0
0
-0
64.3667
63.7
-0
0
-0
64.4333
63.2333
-0
0
-0
65.3667
64.5333
-0
0
-0
64.9667
65.2333
-0
0
-0
64.9333
65.0333
-0
0
-0
64.9667
64.9333
-0
0
-0
61.4667
65.2667
-0
0
-0
61.7667
62.9
-0
0
-0
61.9667
62.2333
-0
0
-0
61.9667
63.2667
-0
0
-0
62.7333
63.1
-0
0
-0
63.9333
61.9333
-0
0
-0
63.1
63.2333
-0
0
-0
63.1667
63.1667
-0
0
-0
64.2667
63.1
-0
0
-0
64.5
62.1
-0
0
-0
61.8333
64.5667
-0
0
-0
64.7
64.2667
-0
0
-0
63.5667
64.2
-0
0
-0
64.6333
63.8
-0
0
-0
63.7
63.5667
-0
0
-0
64.8
63.2
-0
0
-0
63.7
63.4333
-0
0
-0
62.8667
63.1667
-0
0
-0
63.3
63.4667
-0
0
-0
64.0667
62.5
-0
0
-0
61.9
64.3
-0
0
-0
64.2333
62.6667
-0
0
-0
63.4333
62.5333
-0
0
-0
62.4667
63.8333
-0
0
-0
62.3333
62.4
-0
0
-0
64.6667
62.3333
-0
0
-0
62.6
63.6333
-0
0
-0
61.5333
64.1333
-0
0
-0
62.4
62.6667
-0
0
-0
64.6333
64.5667
-0
0
-0
62.4667
65.6667
-0
0
-0
62.6333
63.8
-0
0
-0
63.1667
63.9667
-0
0
-0
63.2667
64.4
-0
0
-0
64.0333
64
-0
0
-0
63.7667
63.6667
-0
0
-0
63.7
64.4
-0
0
-0
62.6333
62
-0
0
-0
65
62.4333
-0
0
-0
63.6333
64.5333
-0
0
-0
64.9333
63.3667
-0
0
-0
63.0667
63.0667
-0
0
-0
63.1333
64.2
-0
0
-0
61.9667
63.3667
-0
0
-0
64.1667
62.2667
-0
0
-0
62.8333
63.8333
-0
0
-0
63.1
64.6
-0
0
-0
64.6667
63.6667
-0
0
-0
63.2
63.8333
-0
0
-0
62.8
64.3
-0
0
-0
63.6333
63.6667
-0
0
-0
63.6333
63.6667
-0
0
-0
63.8667
64.1667
-0
0
-0
63.4667
63.7333
-0
0
-0
63.6667
62.8667
-0
0
-0
63.4667
62.9333
-0
0
-0
62.1
63.7667
-0
0
-0
60.7667
63.6
-0
0
-0
64.0333
62.5667
-0
0
-0
61.7
63.6667
-0
0
-0
63.0333
62.3667
-0
0
-0
62.7333
61.5667
-0
0
-0
63.7
62.9667
-0
0
-0
62.8
62.7333
-0
0
-0
63.7333
62
-0
0
-0
63.3667
61.2333
-0
0
-0
62.7
64.9
-0
0
-0
63.9333
63.7333
-0
0
-0
64.8667
63
-0
0
-0
62.8667
64.7333
-0
0
-0
64.3333
62.7
-0
0
-0
63.7333
61.7667
-0
0
-0
63.9667
63.0333
-0
0
-0
64.1
64.2667
-0
0
-0
64.7
63.6667
-0
0
-0
64.2
63.3333
-0
0
-0
63.2667
64.2667
-0
0
-0
65.4333
64.6333
-0
0
-0
62.5667
64.0667
-0
0
-0
62.7667
64.5667
-0
0
-0
62.0667
63.7667
-0
0
-0
63.2667
62.9667
-0
0
-0
61.0667
62.9333
-0
0
-0
62.6
64.0333
-0
0
-0
62.6
64.0333
-0
0
-0
63.2667
64.4333
-0
0
-0
63.5333
65.6667
-0
0
-0
64.0667
65.5
-0
0
-0
64.6
64.4667
-0
0
-0
62.3333
63.9
-0
0
-0
63.4
63.0333
-0
0
-0
63.5667
62.5667
-0
0
-0
62.6667
63.8333
-0
0
-0
61.9667
63.2333
-0
0
-0
62.6667
62.9
-0
0
-0
63.4
63.9333
-0
0
-0
62.7667
65.2333
-0
0
-0
64.4667
63.7333
-0
0
-0
63.1667
63.3333
-0
0
-0
62.5333
62.8667
-0
0
-0
62.7333
64
-0
0
-0
63.7
62.8
-0
0
-0
62.6333
62.8
-0
0
-0
62.9
61.4
-0
0
-0
53.4
54.4667
-0
0
-0
44.5
49.1
-0
0
-0
38.1667
44.8667
-0
0
-0
34.0333
40.9667
-0
0
-0
32.5333
36.7667
-0
0
-0
30.9333
33.5
-0
0
-0
28.0333
29.0333
-0
0
-0
22.3667
23.5333
-0
0
-0
17.7
19.4667
-0
0
-0
13.6
15.2333
-0
0
-0
9.6
11.4
-0
0
-0
9.6
10.2333
-0
0
-0
6.16667
7.16667
-0
0
-0
6.16667
1.8
-0
0
-0
1.43333
1.8
-0
0
-0
1.43333
1.8
-0
0
-0
1.43333
1.8
-0
0
-0
1.43333
1
-0
0
-0
1.43333
1
-0
0
-0
0.8
1
-0
0
-0
0.8
-0
-0
0
-0
0.8
-0
-0
0
-0
0
-0
-0
0
-0
0
-1.6
-0
0
-0
0
-1.6
-0
0
-0
-1.23333
-0
-0
0
-0
-1.23333
-0
-0
0
-0
0
-0
-0
0
-0
0
-0
-0
0
-0
0
-0
-0
0
-0
0
-0
-0
0
-0
0
-0
-0
0
-0
0
-0
-0
0
-0
0
-0
-0
0
-0
0
-0
-0
0
-0
0
-0
-0
0
-0
0
-0
-0
0
-0
0
-0
-0
0
-0
0
-0
-0
0
-0
0
-0
-0
0
-0
0
-0
-0
0
-0
0
-0
-0
0
-0
0
-0
-0
0
-0
0
-0
-0
0
-0
0
-0
-0
0
-0
0
-0
-0
0
-0
0
-0
-0
0
-0
0
-0
-0
0
-0
0
-0
-0
0
-0
0
-0
-0
0
-0
0
-0
-0
0
-0
2.73333
4.06667
-0
0
-0
3.06667
4.73333
-0
0
-0
3.96667
9.2
-0
0
-0
17.6333
22.0333
-0
0
-0
40.2
35.7667
-0
0
-0
53.4667
50.7667
-0
0
-0
66.6
68.7333
-0
0
-0
79.9333
84.7
-0
0
-0
88.5333
90.3667
-0
0
-0
92.9667
95.2667
-0
0
-0
98.8333
97
-0
0
-0
101.533
100.633
-0
0
-0
101.9
104.467
-0
0
-0
106.2
105.1
-0
0
-0
104.167
105.9
-0
0
-0
104.8
106.467
-0
0
-0
105.233
104.433
-0
0
-0
106.833
106.367
-0
0
-0
104.267
107.167
-0
0
-0
108.367
107.667
-0
0
-0
107.567
106.033
-0
0
-0
107.267
105.8
-0
0
-0
105.1
105.133
-0
0
-0
103.567
104.5
-0
0
-0
102.067
102.133
-0
0
-0
103.233
100.8
-0
0
-0
99.6667
98.9333
-0
0
-0
99.8667
96.8333
-0
0
-0
100.067
96.0667
-0
0
-0
97.3333
95.9333
-0
0
-0
97.3333
95.9333
-0
0
-0
97.8
97.7333
-0
0
-0
101.3
99.3333
-0
0
-0
99.5333
100.2
-0
0
-0
98.2667
101.2
-0
0
-0
98.7667
102.067
-0
0
-0
97.9667
102.1
-0
0
-0
99.8
101.267
-0
0
-0
99.8333
101.9
-0
0
-0
99.3333
101.067
-0
0
-0
100.533
101.567
-0
0
-0
101.467
100.367
-0
0
-0
100.533
101.433
-0
0
-0
100.733
98.2333
-0
0
-0
100.067
100.433
-0
0
-0
101.5
99.9667
-0
0
-0
100.433
101.467
-0
0
-0
102.167
98.1
-0
0
-0
98.6
102.333
-0
0
-0
100.367
99
-0
0
-0
97.5667
100.7
-0
0
-0
101.333
100.9
-0
0
-0
101.367
99.8667
-0
0
-0
102.067
98.2667
-0
0
-0
102.067
98.2667
-0
0
-0
101.067
101.567
-0
0
-0
101.033
98.4
-0
0
-0
100.333
100.7
-0
0
-0
99.6333
99.2
-0
0
-0
98.3667
100.767
-0
0
-0
100.367
98.9667
-0
0
-0
99.5
102.1
-0
0
-0
100.267
100.5
-0
0
-0
97.3667
100.3
-0
0
-0
97.5
99.2333
-0
0
-0
97.3
100.533
-0
0
-0
100.3
98.4
-0
0
-0
98.8333
100.2
-0
0
-0
103.6
99.7
-0
0
-0
102.033
100.8
-0
0
-0
101.2
100.2
-0
0
-0
101.8
99.9
-0
0
-0
101.233
99.6333
-0
0
-0
101.533
102.667
-0
0
-0
102.033
102.267
-0
0
-0
100.8
100.667
-0
0
-0
100.267
100.867
-0
0
-0
101.133
99.0667
-0
0
-0
98.4
99
-0
0
-0
101.7
100.533
-0
0
-0
100.633
98.7
-0
0
-0
100.333
99.9333
-0
0
-0
100.4
99.8
-0
0
-0
102.333
99.7333
-0
0
-0
99.1667
101.433
-0
0
-0
100.167
98.6
-0
0
-0
99.0333
99.1
-0
0
-0
100.033
98.3667
-0
0
-0
99.6667
100.033
-0
0
-0
99.6
97.8
-0
0
-0
96.4333
101.6
-0
0
-0
99.5333
99.3
-0
0
-0
96.9
99.9333
-0
0
-0
98
98.2
-0
0
-0
98.7
99.1667
-0
0
-0
97.9
99.1333
-0
0
-0
98.6333
102.267
-0
0
-0
100.667
101.733
-0
0
-0
100.933
102.233
-0
0
-0
99.9667
100.1
-0
0
-0
101.333
99.7333
-0
0
-0
100.967
101.3
-0
0
-0
100.6
102.733
-0
0
-0
101.967
100.067
-0
0
-0
100.533
100.133
-0
0
-0
100.2
99.1
-0
0
-0
100.567
97.5
-0
0
-0
100.1
99.9
-0
0
-0
100.867
98.8667
-0
0
-0
97.4667
100.9
-0
0
-0
100.467
99.4
-0
0
-0
100.467
99.4
-0
0
-0
99.5333
100.467
-0
0
-0
98.4
100.267
-0
0
-0
97.4
99.5667
-0
0
-0
98.2333
97.8333
-0
0
-0
98.2333
97.8333
-0
0
-0
98.7
97.1333
-0
0
-0
97.7667
98.9333
-0
0
-0
99.6333
99.7667
-0
0
-0
99.6333
99.7667
-0
0
-0
101.167
99.0333
-0
0
-0
99.5667
100.6
-0
0
-0
101.167
99.8
-0
0
-0
102.067
101.767
-0
0
-0
100.567
101.1
-0
0
-0
101.367
100.667
-0
0
-0
103.1
100.8
-0
0
-0
100
101.233
-0
0
-0
100.867
101.167
-0
0
-0
100.7
101.9
-0
0
-0
97.6333
101.267
-0
0
-0
99.5667
100.067
-0
0
-0
99.4667
100.7
-0
0
-0
100.367
98.7
-0
0
-0
100.633
98.9
-0
0
-0
101.667
98.6667
-0
0
-0
99.2667
100.733
-0
0
-0
101.767
99.4333
-0
0
-0
98.4667
102.233
-0
0
-0
100.8
99.5333
-0
0
-0
96.8667
100.5
-0
0
-0
99.5333
99.7667
-0
0
-0
96.6
101.133
-0
0
-0
101.433
98.7
-0
0
-0
97.5
101.533
-0
0
-0
98.5667
99.9333
-0
0
-0
98.6333
100.3
-0
0
-0
99.4667
99.6333
-0
0
-0
97.8667
99.2333
-0
0
-0
97.8667
99.2333
-0
0
-0
101.467
98.0667
-0
0
-0
97.8333
100.4
-0
0
-0
98.7667
100.3
-0
0
-0
96.8
101.167
-0
0
-0
100.633
100.1
-0
0
-0
99.0333
99.7667
-0
0
-0
105.233
100.7
-0
0
-0
102.967
101.733
-0
0
-0
103.633
99.8333
-0
0
-0
102.233
101.033
-0
0
-0
101.733
98.7333
-0
0
-0
99.9333
100.1
-0
0
-0
101.8
98.8667
-0
0
-0
100.1
100.267
-0
0
-0
98.8
99.3667
-0
0
-0
98.4
99.6667
-0
0
-0
97.5333
101.067
-0
0
-0
97.9
101.133
-0
0
-0
98.6
101.567
-0
0
-0
98.5667
100.7
-0
0
-0
98.4333
100.333
-0
0
-0
98.5667
98.3667
-0
0
-0
96.6333
100.367
-0
0
-0
99.7667
98.2333
-0
0
-0
96.4667
101
-0
0
-0
99.1333
98.8667
-0
0
-0
99
100.3
-0
0
-0
99.1333
99.7333
-0
0
-0
97.2
99.1333
-0
0
-0
99.5333
98.9
-0
0
-0
97.9333
100.533
-0
0
-0
102.233
98.5333
-0
0
-0
101.033
98.8333
-0
0
-0
102.067
98.0333
-0
0
-0
101.5
99.7667
-0
0
-0
103.867
99.1
-0
0
-0
100.767
100.4
-0
0
-0
103.3
99.7667
-0
0
-0
103.267
101.7
-0
0
-0
101.767
99.6333
-0
0
-0
100.5
100.5
-0
0
-0
99.3667
99.9
-0
0
-0
99.3667
99.9
-0
0
-0
98.9
100.5
-0
0
-0
100
98.5667
-0
0
-0
100.3
100.167
-0
0
-0
100.267
100.433
-0
0
-0
97.2
100.267
-0
0
-0
99.2333
100.333
-0
0
-0
97.5
99.7667
-0
0
-0
97.2
101.933
-0
0
-0
97.7
101.867
-0
0
-0
96.9667
101.667
-0
0
-0
96.2667
99.3333
-0
0
-0
96.8667
102.133
-0
0
-0
96.2
97.7
-0
0
-0
98
96.9333
-0
0
-0
99.8667
95.2667
-0
0
-0
98.3667
98.9333
-0
0
-0
98.3667
100.133
-0
0
-0
100.433
97.9667
-0
0
-0
100.933
101.067
-0
0
-0
100.767
100.767
-0
0
-0
102.7
102
-0
0
-0
100.467
100.967
-0
0
-0
100.333
102.4
-0
0
-0
100.333
102.4
-0
0
-0
101.367
101.6
-0
0
-0
98.0667
100.3
-0
0
-0
98.0667
100.3
-0
0
-0
97.5667
99.4333
-0
0
-0
98.9333
98.2333
-0
0
-0
98.7
99.3333
-0
0
-0
99.5667
99.1
-0
0
-0
98.2
99.3
-0
0
-0
97.2333
98.6333
-0
0
-0
98.8333
99.2333
-0
0
-0
98.3
101.467
-0
0
-0
100.7
98.5333
-0
0
-0
99.5
99.9667
-0
0
-0
97.4
96.2667
-0
0
-0
88.1667
86.7333
-0
0
-0
79.8
78.8667
-0
0
-0
75.9
73.5667
-0
0
-0
68.1333
70.0333
-0
0
-0
65.7333
64.3
-0
0
-0
61.8667
59.5333
-0
0
-0
58.8333
54.8667
-0
0
-0
54.1667
48.1667
-0
0
-0
48.3333
43.7667
-0
0
-0
43.7333
41.0333
-0
0
-0
35.9333
35.3667
-0
0
-0
32.3667
30.4
-0
0
-0
27.7
25.6
-0
0
-0
23.2333
21.2
-0
0
-0
19.4667
16
-0
0
-0
14.3667
14.1667
-0
0
-0
0
-0
-0
0
-0
-15.0333
-4.16667
-0
0
-0
-21.9333
-16.4667
-0
0
-0
-32.6667
-32.1667
-0
0
-0
-41.3333
-43
-0
0
-0
-53
-52.4
-0
0
-0
-60
-58.0333
-0
0
-0
-65
-67.4
-0
0
-0
-78.6667
-81.1667
-0
0
-0
-97.6667
-94.1333
-0
0
-0
-97.9667
-96.7333
-0
0
-0
-102.733
-96.1
-0
0
-0
-101.5
-99.5333
-0
0
-0
-102.367
-99.3667
-0
0
-0
-102.1
-100.1
-0
0
-0
-102.1
-100.1
-0
0
-0
-104.1
-102.3
-0
0
-0
-102.367
-102.9
-0
0
-0
-103.6
-103.767
-0
0
-0
-103.3
-104.1
-0
0
-0
-103.6
-104.233
-0
0
-0
-102.9
-103.467
-0
0
-0
-104.5
-104.133
-0
0
-0
-103.533
-104.367
-0
0
-0
-105.067
-103.6
-0
0
-0
-103
-104.167
-0
0
-0
-104.5
-105.5
-0
0
-0
-103.067
-106.367
-0
0
-0
-103.067
-104.267
-0
0
-0
-101.933
-102.7
-0
0
-0
-101.3
-102.3
-0
0
-0
-102.767
-100.5
-0
0
-0
-103.4
-99.9
-0
0
-0
-100.567
-98.9333
-0
0
-0
-101.667
-98.8333
-0
0
-0
-99
-99.2333
-0
0
-0
-97.1333
-99.8333
-0
0
-0
-97.5333
-97.5
-0
0
-0
-101.467
-99.6333
-0
0
-0
-101.567
-100.633
-0
0
-0
-101.3
-100.667
-0
0
-0
-100.6
-100.333
-0
0
-0
-100.6
-100.333
-0
0
-0
-100.433
-99.5
-0
0
-0
-100.1
-99.3
-0
0
-0
-100.533
-101.3
-0
0
-0
-100.233
-103.1
-0
0
-0
-101.167
-100.533
-0
0
-0
-101.367
-102
-0
0
-0
-99.3333
-102.4
-0
0
-0
-95.1
-103.133
-0
0
-0
-96.7
-99.5333
-0
0
-0
-96.3
-101.167
-0
0
-0
-100.967
-101.133
-0
0
-0
-103.333
-101.233
-0
0
-0
-102.767
-102.767
-0
0
-0
-100.633
-99.6667
-0
0
-0
-102.033
-100.467
-0
0
-0
-100.233
-99.5333
-0
0
-0
-100.1
-98.1667
-0
0
-0
-99.9333
-99.3
-0
0
-0
-100.733
-100.967
-0
0
-0
-100.3
-100.233
-0
0
-0
-99.3
-99.8667
-0
0
-0
-96.8333
-98.9
-0
0
-0
-95.7333
-99.1667
-0
0
-0
-98.7667
-98.3667
-0
0
-0
-98.7667
-103
-0
0
-0
-102.667
-99.3667
-0
0
-0
-99.5667
-101.367
-0
0
-0
-98.7
-98.8667
-0
0
-0
-97.8
-99.6
-0
0
-0
-100.133
-98.8333
-0
0
-0
-98.7333
-101.4
-0
0
-0
-101.4
-98.3667
-0
0
-0
-100.267
-101.2
-0
0
-0
-100.967
-99.8667
-0
0
-0
-100
-99.9333
-0
0
-0
-101.033
-101.267
-0
0
-0
-99.2667
-102.467
-0
0
-0
-103.133
-99.4
-0
0
-0
-102.133
-100.833
-0
0
-0
-101.033
-98.6333
-0
0
-0
-101.233
-100.3
-0
0
-0
-98.7
-97.7333
-0
0
-0
-98.1667
-100.133
-0
0
-0
-98.1667
-100.133
-0
0
-0
-100.767
-97.4333
-0
0
-0
-100
-100.467
-0
0
-0
-101.1
-99.7
-0
0
-0
-99.4
-99.4333
-0
0
-0
-100.733
-101
-0
0
-0
-97
-98.7333
-0
0
-0
-98.7
-99.1333
-0
0
-0
-99.4
-100.9
-0
0
-0
-99.7
-100.933
-0
0
-0
-99.7
-100.933
-0
0
-0
-100.4
-100.067
-0
0
-0
-97.2
-100.367
-0
0
-0
-98.8333
-98.6333
-0
0
-0
-97.0667
-101.567
-0
0
-0
-100.367
-100.633
-0
0
-0
-100.167
-102.5
-0
0
-0
-100.9
-98.9
-0
0
-0
-100.067
-103.7
-0
0
-0
-101.033
-98.8667
-0
0
-0
-99.0667
-100.933
-0
0
-0
-99.4667
-102.3
-0
0
-0
-100.067
-99.5333
-0
0
-0
-101.667
-100.333
-0
0
-0
-100.7
-99.9333
-0
0
-0
-101.2
-97.8667
-0
0
-0
-99.6
-97.0667
-0
0
-0
-98.1
-99.9
-0
0
-0
-100.233
-98.6333
-0
0
-0
-100.367
-101.233
-0
0
-0
-101.2
-98.4
-0
0
-0
-98.7333
-100.9
-0
0
-0
-99.7
-99.6333
-0
0
-0
-97.9
-100.1
-0
0
-0
-97.8667
-97.2333
-0
0
-0
-97.3333
-99.1667
-0
0
-0
-100.267
-99.4667
-0
0
-0
-98.7333
-99.3333
-0
0
-0
-99.5
-98.4667
-0
0
-0
-99.1333
-98.8333
-0
0
-0
-99.3333
-98.3333
-0
0
-0
-96.5333
-98.2
-0
0
-0
-99.5333
-101.6
-0
0
-0
-98.2333
-101.367
-0
0
-0
-101.5
-101.767
-0
0
-0
-101.3
-101.4
-0
0
-0
-99.2667
-102.367
-0
0
-0
-99.2667
-102.367
-0
0
-0
-98.7667
-103.133
-0
0
-0
-100.8
-100.6
-0
0
-0
-101.033
-99.2
-0
0
-0
-100.467
-100.467
-0
0
-0
-100.433
-100.433
-0
0
-0
-96.4333
-99.1667
-0
0
-0
-98.9
-99.0333
-0
0
-0
-98.9
-99.0333
-0
0
-0
-97.6667
-99.2667
-0
0
-0
-100.067
-98.1
-0
0
-0
-101.8
-98.9
-0
0
-0
-98.3333
-96.5667
-0
0
-0
-87.7333
-87.7667
-0
0
-0
-78
-80.2333
-0
0
-0
-73.0333
-72.9667
-0
0
-0
-67.3
-67.4333
-0
0
-0
-63.1
-62.4667
-0
0
-0
-60.0667
-59.1333
-0
0
-0
-57.1667
-55.9333
-0
0
-0
-52.7667
-55.2
-0
0
-0
-48.5
-53.1
-0
0
-0
-45.3
-50.7333
-0
0
-0
-41.4667
-48.8667
-0
0
-0
-36.4667
-46.6333
-0
0
-0
-29
-41.6667
-0
0
-0
-24.3333
-37.0667
-0
0
-0
-19.7333
-34.4333
-0
0
-0
0
-3.76667
-0
0
-0
0
-0
-0
0
-0
0
-0
-0
0
-0
0
-0
-0
0
-0
0
-0
-0
0
-0
0
-0
-0
0
-0
0
-0
-0
0
-0
0
-0
-0
0
-0
0
-0
-0
0
-0
0
-0
-0
0
-0
0
-0
-0
0
-0
0
-0
-0
0
-0
0
-0
-0
0
-0
0
-0
-0
0
-0
0
-0
-0
0
-0
0
2.93333
-0
0
-0
0
2.93333
-0
0
-0
0
2.93333
-0
0
-0
3.03333
2.96667
-0
0
-0
2.3
5.7
-0
0
-0
4.63333
11.5667
-0
0
-0
13.0333
14.9667
-0
0
-0
20.0333
23.7333
-0
0
-0
26.2667
28.8333
-0
0
-0
36.3333
33.1667
-0
0
-0
40.9333
37.2333
-0
0
-0
43.5667
42.8
-0
0
-0
43.6
50.8667
-0
0
-0
50.3667
56.4
-0
0
-0
61.5333
63.5333
-0
0
-0
66.7
66.4333
-0
0
-0
70.5
65.4333
-0
0
-0
68.9667
66.8667
-0
0
-0
67.9667
67.2333
-0
0
-0
65.9
66.0333
-0
0
-0
64.8333
65.2333
-0
0
-0
64.1
66.4
-0
0
-0
62.8667
65.9333
-0
0
-0
63.4
64.1667
-0
0
-0
63.2667
66.0667
-0
0
-0
63.1333
64.0333
-0
0
-0
63.0667
62.4667
-0
0
-0
64.7667
62
-0
0
-0
64.4667
61.7333
-0
0
-0
62.5333
61.6667
-0
0
-0
63.3333
63.4667
-0
0
-0
64.1333
64.4333
-0
0
-0
62.3
62.8333
-0
0
-0
64.7
63.3
-0
0
-0
63.7667
63.4333
-0
0
-0
64.6667
63.0333
-0
0
-0
63.2333
63.4667
-0
0
-0
63.4333
64.1667
-0
0
-0
63.4333
64.1667
-0
0
-0
63.4667
62.7
-0
0
-0
63.2333
63.2
-0
0
-0
65.1333
64.5
-0
0
-0
62
64.2333
-0
0
-0
64.2667
62.7667
-0
0
-0
65.2667
63.7
-0
0
-0
63.3
62.8333
-0
0
-0
62.2333
63.2667
-0
0
-0
63.6333
64.1333
-0
0
-0
62.4667
63.7333
-0
0
-0
62.5333
63
-0
0
-0
64.7
61.7333
-0
0
-0
63.8
63.2333
-0
0
-0
61.1
62.1667
-0
0
-0
64.3667
62.3
-0
0
-0
62
62.8667
-0
0
-0
62.4
62.5667
-0
0
-0
61.9
62.8
-0
0
-0
63.2333
63.5
-0
0
-0
63.3333
64.6
-0
0
-0
63.3333
63.8333
-0
0
-0
63.4
63.3333
-0
0
-0
65.1333
64.3333
-0
0
-0
64.3667
63.7667
-0
0
-0
64.1333
63.7667
-0
0
-0
63.6
63.1
-0
0
-0
61.9333
62.4667
-0
0
-0
62.4
64.3333
-0
0
-0
63.6333
64.8
-0
0
-0
62.8333
64.6333
-0
0
-0
62.7667
62.8667
-0
0
-0
64.3667
63.4333
-0
0
-0
64.3333
62.8667
-0
0
-0
66.1667
62.2667
-0
0
-0
64.5
64
-0
0
-0
65.2667
64.3
-0
0
-0
62.9667
63.0667
-0
0
-0
64.2
64
-0
0
-0
63.8667
64.2333
-0
0
-0
63.1333
64.3
-0
0
-0
63.1333
64.3
-0
0
-0
64.3333
63.7333
-0
0
-0
63.0333
65.8667
-0
0
-0
62.6
64.1
-0
0
-0
63.6
62.6
-0
0
-0
64.2667
62.7
-0
0
-0
64.7
63.3667
-0
0
-0
61.9667
62.9667
-0
0
-0
64.4
62.9
-0
0
-0
62.9
63.2667
-0
0
-0
62.0333
62.7667
-0
0
-0
64.5
63.2
-0
0
-0
62.4667
64.0333
-0
0
-0
62.3333
62.9667
-0
0
-0
61.7333
62.8
-0
0
-0
63.4
63.0667
-0
0
-0
63.0667
62.6667
-0
0
-0
63.1333
63.3
-0
0
-0
64.6333
64.1333
-0
0
-0
63.1333
65
-0
0
-0
63.1333
62.8667
-0
0
-0
63.8333
64.0667
-0
0
-0
63.3667
63.4333
-0
0
-0
61.9
63.2333
-0
0
-0
63.4
63.6
-0
0
-0
65.8667
63.8
-0
0
-0
63.0667
62.8667
-0
0
-0
63.2
62.5333
-0
0
-0
62.0333
64.3667
-0
0
-0
61.6333
64
-0
0
-0
62.3333
62.3
-0
0
-0
63.2333
63.9
-0
0
-0
62.1333
63.9
-0
0
-0
63.8333
62.7333
-0
0
-0
64.7
63.0667
-0
0
-0
66.2333
63.5333
-0
0
-0
64.6333
62.6
-0
0
-0
66.3667
62.7
-0
0
-0
65.6
64.6333
-0
0
-0
65.7
63.7667
-0
0
-0
64.4
63.4
-0
0
-0
64.2667
63.9
-0
0
-0
63.4
62.9333
-0
0
-0
62.0333
63
-0
0
-0
62.0333
63.7
-0
0
-0
61.3333
64.7333
-0
0
-0
62.9333
63
-0
0
-0
64.3
63.3333
-0
0
-0
64.1333
63.4333
-0
0
-0
61.4333
62.3333
-0
0
-0
62.5667
63.2667
-0
0
-0
62.5667
63.2667
-0
0
-0
61.5333
62.3
-0
0
-0
61.6667
62.2333
-0
0
-0
61.8333
62.4667
-0
0
-0
64.2333
64.1
-0
0
-0
61.6667
64.8667
-0
0
-0
63.8
63.4
-0
0
-0
62.9
65.1333
-0
0
-0
64.1333
65.4333
-0
0
-0
63.8
62.6333
-0
0
-0
62.9667
62.8667
-0
0
-0
62.3
62.7
-0
0
-0
61.6667
61.8333
-0
0
-0
61.6333
62.1
-0
0
-0
64.2667
62.8333
-0
0
-0
62.1333
63.6333
-0
0
-0
64.4
63.5
-0
0
-0
64.3333
64.5333
-0
0
-0
63.1333
64.4667
-0
0
-0
62.6333
63.0333
-0
0
-0
65.0333
64.1667
-0
0
-0
64.1667
64.4333
-0
0
-0
63.5
63.7667
-0
0
-0
64.4333
64.5
-0
0
-0
62.6667
63.7
-0
0
-0
64.6667
63.1
-0
0
-0
64.4
64.2667
-0
0
-0
65.2
63.9333
-0
0
-0
63.9333
61.8
-0
0
-0
65.6667
61.8
-0
0
-0
64.3667
62.3333
-0
0
-0
62.3
63.4667
-0
0
-0
65.2
63.4
-0
0
-0
63.2667
63.7
-0
0
-0
62.4667
64.2
-0
0
-0
62.8667
62.7
-0
0
-0
63.5
63.6
-0
0
-0
62.9667
63.5333
-0
0
-0
62.2333
62.5333
-0
0
-0
62.1333
62.9
-0
0
-0
63.3667
64.5
-0
0
-0
62.3667
63.7
-0
0
-0
64.7333
62.7667
-0
0
-0
61.6333
65.3667
-0
0
-0
60.1333
64.0333
-0
0
-0
63.0333
62.6667
-0
0
-0
63.9333
63.0667
-0
0
-0
64.1333
62.5
-0
0
-0
62.3667
62.7333
-0
0
-0
62.3667
62.7333
-0
0
-0
63.2
63
-0
0
-0
64.1667
63.2667
-0
0
-0
61.9333
63.4
-0
0
-0
64.3
61.4
-0
0
-0
62.9
64.7333
-0
0
-0
62.1333
63.5667
-0
0
-0
62.5667
62.5667
-0
0
-0
62.4
64.1667
-0
0
-0
61.4667
63.7333
-0
0
-0
61.9
63.8667
-0
0
-0
64.3333
64.4
-0
0
-0
62.1333
64.9667
-0
0
-0
63.6333
64.8333
-0
0
-0
64.9667
63.3333
-0
0
-0
64
63.9667
-0
0
-0
63.3667
63.0333
-0
0
-0
64.4
62
-0
0
-0
65.0333
62.3667
-0
0
-0
63.6667
63.3333
-0
0
-0
63.3
63.3333
-0
0
-0
64.0333
64.3667
-0
0
-0
64.1667
61.9667
-0
0
-0
65.9667
63.1667
-0
0
-0
63.8333
63.7667
-0
0
-0
64.8
61.7667
-0
0
-0
64.7667
62.5
-0
0
-0
64.7667
62.5
-0
0
-0
65.2333
64.4667
-0
0
-0
64.3667
64.8333
-0
0
-0
62.8333
64.2
-0
0
-0
63.9
64.8333
-0
0
-0
61.5
63.6667
-0
0
-0
56.3
61.0667
-0
0
-0
48.0667
58.1667
-0
0
-0
41.1
53.3667
-0
0
-0
36.8333
48.0667
-0
0
-0
33.4333
42.2667
-0
0
-0
31.8333
39.9667
-0
0
-0
29.1333
35.9333
-0
0
-0
25.1667
32
-0
0
-0
21.5
27.6667
-0
0
-0
16.6667
22.7
-0
0
-0
12.5333
17.7667
-0
0
-0
9.93333
13.8333
-0
0
-0
6.53333
9.23333
-0
0
-0
6.53333
9.23333
-0
0
-0
1.56667
9.23333
-0
0
-0
1.56667
9.23333
-0
0
-0
0
9.5
-0
0
-0
0
1.6
-0
0
-0
-1
1.6
-0
0
-0
-2
-1.1
-0
0
-0
-5.73333
-3.06667
-0
0
-0
-10.1667
-10.8667
-0
0
-0
-18.8
-25.3667
-0
0
-0
-27.5333
-34.3
-0
0
-0
-38.3
-43
-0
0
-0
-43.6667
-48.6667
-0
0
-0
-49.8667
-49.9333
-0
0
-0
-50.7667
-55.1667
-0
0
-0
-60.5333
-62.3667
-0
0
-0
-67.9667
-69.2667
-0
0
-0
-73
-69.3
-0
0
-0
-75.5667
-68.6
-0
0
-0
-68.7
-65.4
-0
0
-0
-65.3667
-65.1
-0
0
-0
-63.0667
-62.4667
-0
0
-0
-61.7667
-61.1
-0
0
-0
-62.5333
-60.6
-0
0
-0
-61
-61.7
-0
0
-0
-60.7
-60.5333
-0
0
-0
-62.7
-61.3
-0
0
-0
-62.7
-61.3
-0
0
-0
-62.5333
-64.1333
-0
0
-0
-62.1
-62.8667
-0
0
-0
-63.2
-63.3667
-0
0
-0
-62.9
-63.5333
-0
0
-0
-62.1667
-63.6667
-0
0
-0
-62.3667
-62.0667
-0
0
-0
-61.3333
-63.1
-0
0
-0
-62.4667
-65.1
-0
0
-0
-63.4
-63.6667
-0
0
-0
-64.8667
-64.5
-0
0
-0
-64.2
-64.5667
-0
0
-0
-64.6333
-64.0667
-0
0
-0
-63.6333
-62.8667
-0
0
-0
-63.2333
-63.4333
-0
0
-0
-62.5
-63.5
-0
0
-0
-62.9
-63.1
-0
0
-0
-64.6333
-63.2667
-0
0
-0
-63.6333
-64.8333
-0
0
-0
-65.7333
-63.6
-0
0
-0
-65.4333
-64
-0
0
-0
-64.7
-64.3
-0
0
-0
-64.0333
-63.2
-0
0
-0
-63.6
-63.2
-0
0
-0
-63.7
-63.5333
-0
0
-0
-61.9333
-63.0667
-0
0
-0
-62.5667
-62.0667
-0
0
-0
-63.0333
-65.2
-0
0
-0
-61.6
-63.8
-0
0
-0
-62.7333
-62.9667
-0
0
-0
-64.3
-63.8
-0
0
-0
-62.9
-63.6667
-0
0
-0
-63.4667
-62.8
-0
0
-0
-65.7333
-63.5667
-0
0
-0
-65.1
-64.1667
-0
0
-0
-64.3667
-62.9
-0
0
-0
-63.7
-64.6
-0
0
-0
-60.7667
-64.4667
-0
0
-0
-60.7667
-64.4667
-0
0
-0
-63.1
-63.4667
-0
0
-0
-64.2333
-63.1
-0
0
-0
-63.6667
-63.1333
-0
0
-0
-63.8333
-62.6
-0
0
-0
-63.0333
-62.3333
-0
0
-0
-62.6333
-64.4
-0
0
-0
-61
-64.3333
-0
0
-0
-62.6
-62.8667
-0
0
-0
-62.3333
-64.6
-0
0
-0
-60.7
-63.0667
-0
0
-0
-61.9667
-63.3333
-0
0
-0
-62.9333
-62.4667
-0
0
-0
-62.6333
-61.8667
-0
0
-0
-62.3
-62.3667
-0
0
-0
-64.5
-63
-0
0
-0
-65.4667
-64.7
-0
0
-0
-63.9333
-64.4333
-0
0
-0
-65.2
-63.1667
-0
0
-0
-61.9
-63.6
-0
0
-0
-62.5
-61.7667
-0
0
-0
-62.5667
-62.7667
-0
0
-0
-61.7
-64.2667
-0
0
-0
-62.7333
-64.1333
-0
0
-0
-63.9
-64.3
-0
0
-0
-64.4667
-65.0667
-0
0
-0
-64.9333
-65.5333
-0
0
-0
-64.5667
-62.8667
-0
0
-0
-65.2667
-64.3333
-0
0
-0
-64.2333
-64.2667
-0
0
-0
-64.2333
-64.2667
-0
0
-0
-65.4333
-62.8
-0
0
-0
-64.0667
-62.5
-0
0
-0
-62.9333
-62.3
-0
0
-0
-62.6333
-63.0333
-0
0
-0
-63.3667
-62.5667
-0
0
-0
-63.3333
-64
-0
0
-0
-62.4667
-63.7333
-0
0
-0
-64.3667
-61.5667
-0
0
-0
-64.2333
-63.6333
-0
0
-0
-63.1667
-63.9667
-0
0
-0
-62.6
-62.8333
-0
0
-0
-62.3333
-64.0333
-0
0
-0
-61.3667
-64.0667
-0
0
-0
-63.1333
-63.9667
-0
0
-0
-61.6
-65.8667
-0
0
-0
-63.6333
-62.2
-0
0
-0
-64.8
-62.2
-0
0
-0
-62.3
-62.8
-0
0
-0
-62.3
-62.8
-0
0
-0
-62.2667
-62.0333
-0
0
-0
-63.1
-62.6
-0
0
-0
-63.5
-65
-0
0
-0
-63.0667
-64.5667
-0
0
-0
-63.4333
-62.5
-0
0
-0
-65.4
-63.7667
-0
0
-0
-63.3
-64.3667
-0
0
-0
-62.9
-63.0333
-0
0
-0
-62.9
-63.9
-0
0
-0
-63.6667
-64.8
-0
0
-0
-64.5
-63.2
-0
0
-0
-64.8333
-63.5667
-0
0
-0
-63.7333
-64.2333
-0
0
-0
-62.5667
-63.6
-0
0
-0
-61.6667
-63.1
-0
0
-0
-61.4
-64.9
-0
0
-0
-60.7667
-63.6667
-0
0
-0
-62.9
-62.1333
-0
0
-0
-63.2
-63.0333
-0
0
-0
-63.9
-64.0667
-0
0
-0
-64.0667
-62.8
-0
0
-0
-64.2
-63.2
-0
0
-0
-63.9333
-63.6333
-0
0
-0
-65.3333
-63.8
-0
0
-0
-65.4333
-62.1667
-0
0
-0
-64.2
-62.9
-0
0
-0
-62.1667
-62.8
-0
0
-0
-62.2667
-63.7
-0
0
-0
-62.5
-64.6667
-0
0
-0
-61.8667
-63.8
-0
0
-0
-63
-63.0333
-0
0
-0
-64.3333
-63.1333
-0
0
-0
-64.4333
-64.1667
-0
0
-0
-63.6667
-63.9333
-0
0
-0
-65.0333
-62.8667
-0
0
-0
-63.4333
-63.9667
-0
0
-0
-62.9
-62.3667
-0
0
-0
-61.8667
-61.9333
-0
0
-0
-61.5667
-62.5333
-0
0
-0
-61.3667
-63.6333
-0
0
-0
-62.9333
-63.0667
-0
0
-0
-64.8
-62.7333
-0
0
-0
-64.3333
-65.3
-0
0
-0
-62.8333
-63.9333
-0
0
-0
-65.7333
-63.7
-0
0
-0
-64.5667
-63.9333
-0
0
-0
-63.4667
-62.5
-0
0
-0
-62.7667
-62.2333
-0
0
-0
-60.7
-61.3
-0
0
-0
-49.9
-55.2333
-0
0
-0
-40.5667
-46.8333
-0
0
-0
-35.3
-41.1333
-0
0
-0
-31.9667
-37.4
-0
0
-0
-29.8
-35.7667
-0
0
-0
-25.3
-33.5667
-0
0
-0
-22.5
-29.7667
-0
0
-0
-18.4333
-26.4333
-0
0
-0
-14.5333
-20.7
-0
0
-0
-12
-14.4333
-0
0
-0
-8.63333
-10.5333
-0
0
-0
-8.63333
-7.63333
-0
0
-0
-8.63333
-6.26667
-0
0
-0
-8.63333
-6.26667
-0
0
-0
-2.53333
-2.03333
-0
0
-0
-2.53333
-0
-0
0
-0
-2.53333
-0
-0
0
-0
-2.53333
-0
-0
0
-0
-1.36667
-0
-0
0
-0
-1.36667
-0
-0
0
-0
0
-0
-0
0
-0
0
0.833333
-0
0
-0
0
0.833333
-0
0
-0
2.2
0.833333
-0
0
-0
2.2
1.96667
-0
0
-0
2.2
1.96667
-0
0
-0
0
1.9
-0
0
-0
0
1.9
-0
0
-0
0
1.9
-0
0
-0
0
-0
-0
0
-0
0
-0
-0
0
-0
0
-0
-0
0
-0
0
-0
-0
0
-0
0
-0
-0
0
-0
0
-0
-0
0
-0
0
-0
-0
0
-0
0
-0
-0
0
-0
0
-0
-0
0
-0
0
-0
-0
0
-0
0
-0
-0
0
-0
0
-0
-0
0
-0
0
-0
-0
0
-0
0
-0
-0
0
-0
0
-0
-0
0
-0
0
-0
-0
0
-0
0
-0
-0
0
-0
0
-0
-0
0
-0
0
-0
-0
0
-0
0
-0
-0
0
-0
0
-0
-0
0
-0
0
-0
-0
0
-0
0
-0
-0
0
-0
0
-0
-0
0
-0
0
-0
-0
0
-0
0
-0
-0
0
-0
0
-0
-0
0
-0
0
-0
-0
0
-0
0
-0
-0
0
-0
0
-0
-0
0
-0
0
-0
-0
0
-0
0
-0
-0
0
-0
0
-0
-0
0
-0
0
-0
-0
0
-0
0
-0
-0
0
-0
0
-0
-0
0
-0
0
-0
-0
0
-0
0
-0
-0
0
-0
0
-0
-0
0
-0
0
-0
-0
0
-0
0
-0
-0
0
-0
0
-0
-0
0
-0
0
-0
-0
0
-0
0
-0
-0
0
-0
0
-0
-0
0
-0
0
-0
-0
0
-0
0
-0
-0
0
-0
0
-0
-0
0
-0
0
-0
-0
0
-0
0
-0
-0
0
-0
0
-0
-0
0
-0
0
-0
-0
0
-0
0
-0
-0
0
-0
0
-0
-0
0
-0
0
-0
-0
0
-0
0
-0
-0
0
-0
0
-0
-0
0
-0
0
-0
-0
0
-0
0
-0
-0
0
-0
0
-0
-0
0
-0
0
-0
-0
0
-0
0
-0
-0
0
-0
0
-0
-0
0
-0
0
-0
-0
0
-0
0
-0
-0
0
-0
0
-0
-0
0
-0
0
-0
-0
0
-0
0
-0
-0
0
-0
0
-0
-0
0
-0
0
-0
-0
0
-0
0
-0
-0
0
-0
0
-0
-0
0
-0
0
-0
-0
0
-0
0
-0
-0
0
-0
0
-0
-0
0
-0
0
-0
-0
0
-0
0
-0
-0
0
-0
0
-0
-0
0
-0
0
-0
-0
0
-0
0
-0
-0
0
-0
0
-0
-0
0
-0
0
-0
-0
0
-0
0
-0
-0
0
-0
0
-0
-0
0
-0
0
-0
-0
0
-0
0
-0
-0
0
-0
0
-0
-0
0
-0
0
-0
-0
0
-0
0
-0
-0
0
-0
0
-0
-0
0
-0
0
-0
-0
0
-0
0
-0
-0
0
-0
0
-0
-0
0
-0
0
-0
-0
0
-0
0
-0
-0
0
-0
0
-0
-0
0
-0
0
-0
-0
0
-0
0
-0
-0
0
-0
0
-0
-0
0
-0
0
-0
-0
0
-0
0
-0
-0
0
-0
0
-0
-0
0
-0
0
-0
-0
0
-0
0
-0
-0
0
-0
0
-0
-0
0
-0
0
-0
-0
0
-0
0
-0
-0
0
-0
0
-0
-0
0
-0
0
-0
-0
0
-0
0
-0
-0
0
-0
0
-0
-0
0
-0
0
-0
-0
0
-0
0
-0
-0
0
-0
0
-0
-0
0
-0
0
-0
-0
0
-0
0
-0
-0
0
-0
0
-0
-0
0
-0
0
-0
-0
0
-0
0
-0
-0
0
-0
0
-0
-0
0
-0
0
-0
-0
0
-0
0
-0
-0
0
-0
0
-0
-0
0
-0
0
-0
-0
0
-0
0
-0
-0
0
-0
0
-0
-0
0
-0
0
-0
-0
0
-0
0
-0
-0
0
-0
0
-0
-0
0
-0
0
-0
-0
0
-0
0
-0
-0
0
-0
0
-0
-0
0
-0
0
-0
-0
0
-0
0
-0
-0
0
-0
0
-0
-0
0
-0
0
-0
-0
0
-0
0
-0
-0
0
-0
0
-0
-0
0
-0
0
-0
-0
0
-0
0
-0
-0
0
-0
0
-0
-0
0
-0
0
-0
-0
0
-0
0
-0
-0
0
-0
0
-0
-0
0
-0
0
-0
-0
0
-0
0
-0
-0
0
-0
0
-0
-0
0
-0
0
-0
-0
0
-0
0
-0
-0
0
-0
0
-0
-0
0
-0
0
-0
-0
0
-0
0
-0
-0
0
-0
0
-0
-0
0
-0
0
-0
-0
0
-0
0
-0
-0
0
-0
0
-0
-0
0
-0
0
-0
-0
0
-0
0
-0
-0
0
-0
0
-0
-0
0
-0
0
-0
-0
0
-0
0
-0
-0
0
-0
0
-0
-0
0
-0
0
-0
-0
0
-0
0
-0
-0
0
-0
0
-0
-0
0
-0
0
-0
-0
0
-0
0
-0
-0
0
-0
0
-0
-0
0
-0
0
-0
-0
0
-0
0
-0
-0
0
-0
0
-0
-0
0
-0
0
-0
-0
0
-0
0
-0
-0
0
-0
0
-0
-0
0
-0
0
-0
-0
0
-0
0
-0
-0
0
-0
0
-0
-0
0
-0
0
-0
-0
0
-0
0
-0
-0
0
-0
0
-0
-0
0
-0
0
-0
-0
0
-0
0
-0
-0
0
-0
0
-0
-0
0
-0
0
-0
-0
0
-0
0
-0
-0
0
-0
0
-0
-0
0
-0
0
-0
-0
0
-0
0
-0
-0
0
-0
0
-0
-0
0
-0
0
-0
-0
0
-0
0
-0
-0
0
-0
0
-0
-0
0
-0
0
-0
-0
0
-0
0
-0
-0
0
-0
0
-0
-0
0
-0
0
-0
-0
0
-0
0
-0
-0
0
-0
0
-0
-0
0
-0
0
-0
-0
0
-0
0
-0
-0
0
-0
0
-0
-0
0
-0
0
-0
-0
0
-0
0
-0
-0
0
-0
0
-0
-0
0
-0
0
-0
-0
0
-0
0
-0
-0
0
-0
0
-0
-0
0
-0
0
-0
-0
0
-0
0
-0
-0
0
-0
0
-0
-0
0
-0
0
-0
-0
0
-0
0
-0
-0
0
-0
0
-0
-0
0
-0
0
-0
-0
0
-0
0
-0
-0
0
-0
0
-0
-0
0
-0
0
-0
-0
0
-0
0
-0
-0
0
-0
0
-0
-0
0
-0
0
-0
-0
0
-0
0
-0
-0
0
-0
0
-0
-0
0
-0
0
-0
-0
0
-0
0
-0
-0
0
-0
0
-0
-0
0
-0
0
-0
-0
0
-0
0
-0
-0
0
-0
0
-0
-0
0
-0
0
-0
-0
0
-0
0
-0
-0
0
-0
0
-0
-0
0
-0
0
-0
-0
0
-0
0
-0
-0
0
-0
0
-0
-0
0
-0
0
-0
-0
0
-0
0
-0
-0
0
-0
0
-0
-0
0
-0
0
-0
-0
0
-0
0
-0
-0
0
-0
0
-0
-0
0
-0
0
-0
-0
0
-0
0
-0
-0
0
-0
0
-0
-0
0
-0
0
-0
-0
0
-0
0
-0
-0
0
-0
0
-0
-0
0
-0
0
-0
-0
0
-0
0
-0
-0
0
-0
0
-0
-0
0
-0
0
-0
-0
0
-0
0
-0
-0
0
-0
0
-0
-0
0
-0
0
-0
-0
0
-0
0
-0
-0
0
-0
0
-0
-0
0
-0
0
-0
-0
0
-0
0
-0
-0
0
-0
0
-0
-0
0
-0
0
-0
-0
0
-0
0
-0
-0
0
-0
0
-0
-0
0
-0
0
-0
-0
0
-0
0
-0
-0
0
-0
0
-0
-0
0
-0
0
-0
-0
0
-0
0
-0
-0
0
-0
0
-0
-0
0
-0
0
-0
-0
0
-0
0
-0
-0
0
-0
0
-0
-0
0
-0
0
-0
-0
0
-0
0
-0
-0
0
-0
0
-0
-0
0
-0
0
-0
-0
0
-0
0
-0
-0
0
-0
0
-0
-0
0
-0
0
-0
-0
0
-0
0
-0
-0
0
-0
0
-0
-0
0
-0
0
-0
-0
0
-0
0
-0
-0
0
-0
0
-0
-0
0
-0
0
-0
-0
0
-0
0
-0
-0
0
-0
0
-0
-0
0
-0
0
-0
-0
0
-0
0
-0
-0
0
-0
0
-0
-0
0
-0
0
-0
-0
0
-0
0
-0
-0
0
-0
0
-0
-0
0
-0
0
-0
-0
0
-0
0
-0
-0
0
-0
0
-0
-0
0
-0
0
-0
-0
0
-0
0
-0
-0
0
-0
0
-0
-0
0
-0
0
-0
-0
0
-0
0
-0
-0
0
-0
0
-0
-0
0
-0
0
-0
-0
0
-0
0
-0
-0
0
-0
0
-0
-0
0
-0
0
-0
-0
0
-0
0
-0
-0
0
-0
0
-0
-0
0
-0
0
-0
-0
0
-0
0
-0
-0
0
-0
0
-0
-0
0
-0
0
-0
-0
0
-0
0
-0
-0
0
-0
0
-0
-0
0
-0
0
-0
-0
0
-0
0
-0
-0
0
-0
0
-0
-0
0
-0
0
-0
-0
0
-0
0
-0
-0
0
-0
0
-0
-0
0
-0
0
-0
-0
0
-0
0
-0
-0
0
-0
0
-0
-0
0
-0
0
-0
-0
0
-0
0
-0
-0
0
-0
0
-0
-0
0
-0
0
-0
-0
0
-0
0
-0
-0
0
-0
0
-0
-0
0
-0
0
-0
-0
0
-0
0
-0
-0
0
-0
0
-0
-0
0
-0
0
-0
-0
0
-0
0
-0
-0
0
-0
0
-0
-0
0
-0
0
-0
-0
0
-0
0
-0
-0
0
-0
0
-0
-0
0
-0
0
-0
-0
0
-0
0
-0
-0
0
-0
0
-0
-0
0
-0
0
-0
-0
0
-0
0
-0
-0
0
-0
0
-0
-0
0
-0
0
-0
-0
0
-0
0
-0
-0
0
-0
0
-0
-0
0
-0
0
-0
-0
0
-0
0
-0
-0
0
-0
0
-0
-0
0
-0
0
-0
-0
0
-0
0
-0
-0
0
-0
0
-0
-0
0
-0
0
-0
-0
0
-0
0
-0
-0
0
-0
0
-0
-0
0
-0
0
-0
-0
0
-0
0
-0
-0
0
-0
0
-0
-0
0
-0
0
-0
-0
0
-0
0
-0
-0
0
-0
0
-0
-0
0
-0
0
-0
-0
0
-0
0
-0
-0
0
-0
0
-0
-0
0
-0
0
-0
-0
0
-0
0
-0
-0
0
-0
0
-0
-0
0
-0
0
-0
-0
0
-0
0
-0
-0
0
-0
0
-0
-0
0
-0
0
-0
-0
0
-0
0
-0
-0
0
-0
0
-0
-0
0
-0
0
-0
-0
0
-0
0
-0
-0
0
-0
0
-0
-0
0
-0
0
-0
-0
0
-0
0
-0
-0
0
-0
0
-0
-0
0
-0
0
-0
-0
0
-0
