0
-0
-0
0
-0
0
-0
-0
0
-0
0
-0
-0
0
-0
0
-0
-0
0
-0
0
-0
-0
0
-0
0
-0
-0
0
-0
0
-0
-0
0
-0
0
-0
-0
0
-0
0
-0
-0
0
-0
0
-0
-0
0
-0
0
-0
-0
0
-0
0
-0
-0
0
-0
0
-0
-0
0
-0
0
-0
-0
0
-0
0
-0
-0
0
-0
0
-0
-0
0
-0
0
-0
-0
0
-0
0
-0
-0
0
-0
0
-0
-0
0
-0
0
-0
-0
0
-0
0
-0
-0
0
-0
0
-0
-0
0
-0
0
-0
-0
0
-0
0
-0
-0
0
-0
0
-0
-0
0
-0
0
-0
-0
0
-0
0
-0
-0
0
-0
0
-0
-0
0
-0
0
-0
-0
0
-0
0
-0
-0
0
-0
0
-0
-0
0
-0
0
-0
-0
0
-0
0
-0
-0
0
-0
0
-0
-0
0
-0
0
-0
-0
0
-0
0
-0
-0
0
-0
0
-0
-0
0
-0
0
3.1
-0
0
-0
10.3667
3.3
-0
0
-0
7.93333
11.0333
-0
0
-0
16.8
18.8
-0
0
-0
26.1
29.7
-0
0
-0
31.4667
36.5333
-0
0
-0
34.7
40.0667
-0
0
-0
30.4333
39.4667
-0
0
-0
30.4333
39.4667
-0
0
-0
26.4
35.0333
-0
0
-0
30.5667
29.9333
-0
0
-0
36.1333
37.6333
-0
0
-0
38.3333
36.4667
-0
0
-0
39.7333
37.3
-0
0
-0
40.3333
37.5
-0
0
-0
46.4667
41.4333
-0
0
-0
51.1
48.8
-0
0
-0
55.1
54.9
-0
0
-0
55.9667
56.0667
-0
0
-0
57.1333
56.8333
-0
0
-0
60.8
59.5
-0
0
-0
61.2333
62.6333
-0
0
-0
62.9333
63.5333
-0
0
-0
64.9
65.7
-0
0
-0
69
66.8667
-0
0
-0
70.0333
67.1667
-0
0
-0
78.7667
87.1667
-0
0
-0
74.1
85.8
-0
0
-0
71.4
83.3667
-0
0
-0
69.4333
77.2333
-0
0
-0
67.9333
72.0333
-0
0
-0
65.0333
70.5333
-0
0
-0
64.9667
66.6
-0
0
-0
64.2
65.1667
-0
0
-0
61.6333
64.7667
-0
0
-0
64.6
66.2
-0
0
-0
64.4333
65.2
-0
0
-0
63.1333
64.7667
-0
0
-0
63.9667
68.0333
-0
0
-0
63.9667
68.0333
-0
0
-0
65.1333
66.5333
-0
0
-0
64.4
66.5
-0
0
-0
64.3667
65.6333
-0
0
-0
67.5333
63.7333
-0
0
-0
64.9
62.4
-0
0
-0
64.4333
64.8333
-0
0
-0
64.2667
62.6667
-0
0
-0
62.4
62.1667
-0
0
-0
62.7333
63.1333
-0
0
-0
61.7333
63.4333
-0
0
-0
62.2
61.4667
-0
0
-0
58.8667
61.9333
-0
0
-0
59.9
62.4
-0
0
-0
61.3667
63.1333
-0
0
-0
59.7333
62.6333
-0
0
-0
63.7667
63.5333
-0
0
-0
64.4333
64.2333
-0
0
-0
62.4
59.4333
-0
0
-0
61.2
58.1667
-0
0
-0
61.6
57.0667
-0
0
-0
62.3667
56.2667
-0
0
-0
61.3333
56.7667
-0
0
-0
60.9667
59.5
-0
0
-0
61.5
59.6667
-0
0
-0
59.4333
60.8
-0
0
-0
60.3
61.0667
-0
0
-0
62.8333
60.9667
-0
0
-0
62.9
60.4667
-0
0
-0
63.1333
58.5667
-0
0
-0
62.5667
56.8333
-0
0
-0
62
55.7333
-0
0
-0
55.5333
56.8667
-0
0
-0
56.4
62
-0
0
-0
56.5
61.4667
-0
0
-0
58.8
61.6667
-0
0
-0
62.2
63.4
-0
0
-0
63.2333
64.1667
-0
0
-0
63.8
62.9333
-0
0
-0
63.8
62.9333
-0
0
-0
64.2667
66.4667
-0
0
-0
65.9
65.6333
-0
0
-0
64.4
65.7667
-0
0
-0
65.8333
67
-0
0
-0
68.4667
68.1
-0
0
-0
66.8
68.4333
-0
0
-0
67
69.1333
-0
0
-0
66.6333
66.8667
-0
0
-0
65.4333
65.8667
-0
0
-0
64.5667
67.9
-0
0
-0
68.0333
68.4667
-0
0
-0
66.3333
68.2
-0
0
-0
67.8667
66.8
-0
0
-0
67.7
65.8667
-0
0
-0
63.9667
63.1667
-0
0
-0
65.5
64.1333
-0
0
-0
65.5
64.1333
-0
0
-0
63.5333
62.2
-0
0
-0
64.3667
60.7333
-0
0
-0
61.4333
61.8333
-0
0
-0
65.8667
64.1667
-0
0
-0
63.4667
63.9333
-0
0
-0
63.2
64.9667
-0
0
-0
64.3667
65.5
-0
0
-0
63.9
64.1667
-0
0
-0
64.1667
63.5667
-0
0
-0
62.7667
63.7
-0
0
-0
63.3333
62.9333
-0
0
-0
62.1667
61.8333
-0
0
-0
62.7667
63.2667
-0
0
-0
63.0333
63.6667
-0
0
-0
62.8333
63.2667
-0
0
-0
63.1667
64.2667
-0
0
-0
64.1
64.1
-0
0
-0
62.7333
62.6667
-0
0
-0
62.8
62.3
-0
0
-0
61.1333
62.5667
-0
0
-0
62.0667
61.6667
-0
0
-0
60.4667
62.2333
-0
0
-0
60.5333
62.6667
-0
0
-0
62.3
62.2667
-0
0
-0
61.1667
62.4667
-0
0
-0
64.2333
62.7333
-0
0
-0
62.3
63.6667
-0
0
-0
63.5333
61.2667
-0
0
-0
61.5
61.8
-0
0
-0
61.8
61.6
-0
0
-0
59.1
59.9
-0
0
-0
58.3
60.7
-0
0
-0
62.3667
60.7333
-0
0
-0
61.9333
61.4667
-0
0
-0
61.9
61.7333
-0
0
-0
61.9
61.7333
-0
0
-0
63.9
63.6333
-0
0
-0
62.0333
63.4
-0
0
-0
62.4333
63.7333
-0
0
-0
62.6333
64.6
-0
0
-0
66.4667
64.2667
-0
0
-0
63.8667
63.1667
-0
0
-0
64.6333
64.0667
-0
0
-0
65.2
65.4667
-0
0
-0
64.4333
64.2333
-0
0
-0
63.6667
62.9333
-0
0
-0
59.8
61
-0
0
-0
50.1
50.5667
-0
0
-0
42.8
42.5
-0
0
-0
36.2
37.2333
-0
0
-0
32.6
34.0667
-0
0
-0
31.1333
32.5
-0
0
-0
29.5667
31.8333
-0
0
-0
28.4333
28.8
-0
0
-0
27
29.8667
-0
0
-0
26.3667
32.4
-0
0
-0
26
41.2333
-0
0
-0
33.1667
52.8667
-0
0
-0
45.2
60.4667
-0
0
-0
54.9
60.4667
-0
0
-0
60.2
59.7333
-0
0
-0
59.1333
58.8333
-0
0
-0
58.3
57.1
-0
0
-0
56.1333
55.0333
-0
0
-0
52.1667
51.7667
-0
0
-0
48.7
47.9667
-0
0
-0
41.5667
32.9
-0
0
-0
17.7
15.1667
-0
0
-0
-9.16667
-0
-0
0
-0
-22
-16.5333
-0
0
-0
-20.5667
-16.7333
-0
0
-0
-15.9667
-13.7667
-0
0
-0
-15.9667
-13.7667
-0
0
-0
-3.76667
-4.16667
-0
0
-0
-2.96667
-8
-0
0
-0
-25.9667
-20.1
-0
0
-0
-32.9667
-27.1333
-0
0
-0
-34.4667
-30.7
-0
0
-0
-27.5
-26.4333
-0
0
-0
-26.4
-25.6667
-0
0
-0
-32.9
-33.7
-0
0
-0
-44.5333
-42.0333
-0
0
-0
-51.5333
-50.7667
-0
0
-0
-56.1
-53
-0
0
-0
-58.9667
-57.0333
-0
0
-0
-61.3
-62.3
-0
0
-0
-65.3667
-65.5333
-0
0
-0
-73.6667
-69.2
-0
0
-0
-72.7667
-72.4333
-0
0
-0
-74.3333
-74.2667
-0
0
-0
-75.6333
-74.5
-0
0
-0
-74.9333
-74.6
-0
0
-0
-76.2667
-73.1
-0
0
-0
-76.2667
-73.1
-0
0
-0
-78.4
-70.3
-0
0
-0
-74.5
-72.3333
-0
0
-0
-74.9333
-72.4
-0
0
-0
-74.3
-72.8
-0
0
-0
-76.4
-73.9
-0
0
-0
-77.6
-72.2667
-0
0
-0
-75.0667
-70.9
-0
0
-0
-73.3333
-72.0333
-0
0
-0
-71.0333
-68.0333
-0
0
-0
-67.4667
-64.7333
-0
0
-0
-64.3667
-64.3
-0
0
-0
-62.4667
-61.6333
-0
0
-0
-62.1
-59.8
-0
0
-0
-62.7
-62.1333
-0
0
-0
-63.0333
-62.6667
-0
0
-0
-64.3
-63.2333
-0
0
-0
-63.8333
-63.3333
-0
0
-0
-65.2667
-67
-0
0
-0
-76.6667
-80.4
-0
0
-0
-82.7
-90.0333
-0
0
-0
-89.2667
-95.3333
-0
0
-0
-95.9667
-98.0333
-0
0
-0
-90.6
-81.5
-0
0
-0
-76.8
-72.6
-0
0
-0
-72.5
-69.1667
-0
0
-0
-73.3
-74.3333
-0
0
-0
-78.3333
-79.3667
-0
0
-0
-79.5333
-80.6333
-0
0
-0
-77.1667
-80.3667
-0
0
-0
-77.1667
-80.3667
-0
0
-0
-76.8
-80.0333
-0
0
-0
-78.8667
-78.5667
-0
0
-0
-81.3333
-81.4333
-0
0
-0
-85.9667
-83.9333
-0
0
-0
-84.7
-87.0333
-0
0
-0
-87.9667
-88.6
-0
0
-0
-90.9333
-89.2333
-0
0
-0
-90.7667
-92.1667
-0
0
-0
-94.6667
-91.4
-0
0
-0
-93.4333
-95.0667
-0
0
-0
-94.0333
-95.1
-0
0
-0
-91.1667
-93.5333
-0
0
-0
-91.6667
-93.5
-0
0
-0
-92.3333
-93.6
-0
0
-0
-93.6333
-96.0667
-0
0
-0
-96.2
-93.5333
-0
0
-0
-95.1667
-96.5333
-0
0
-0
-95.8333
-94.7
-0
0
-0
-94.4667
-95.9667
-0
0
-0
-96.2667
-97.8
-0
0
-0
-97.2333
-98.8333
-0
0
-0
-99.9333
-99.2333
-0
0
-0
-98.2
-101.4
-0
0
-0
-99.6667
-100.167
-0
0
-0
-96.2667
-96.8667
-0
0
-0
-94.5333
-97.5667
-0
0
-0
-94.1333
-96.7
-0
0
-0
-93.4
-98.4667
-0
0
-0
-97.6667
-98.7
-0
0
-0
-98.9333
-99.3667
-0
0
-0
-100.367
-101.533
-0
0
-0
-98.4667
-105.1
-0
0
-0
-99.4667
-97.8667
-0
0
-0
-90.7
-87.6667
-0
0
-0
-80.6667
-83
-0
0
-0
-77.9
-76.3
-0
0
-0
-72.2333
-74.0333
-0
0
-0
-67.6333
-70.0333
-0
0
-0
-64.9333
-67.4
-0
0
-0
-60.8667
-65.0333
-0
0
-0
-58.5333
-64.5333
-0
0
-0
-58
-65.6667
-0
0
-0
-55.4333
-63.1
-0
0
-0
-54.9
-71.9
-0
0
-0
-61.5
-78.6667
-0
0
-0
-69.5
-82.6
-0
0
-0
-72.9
-80.9667
-0
0
-0
-70.7
-78.9667
-0
0
-0
-70.7
-78.9667
-0
0
-0
-74.3
-75.7667
-0
0
-0
-74
-77.5667
-0
0
-0
-76.1333
-73.4
-0
0
-0
-75.8667
-72.3667
-0
0
-0
-73.3333
-68.4333
-0
0
-0
-75.0333
-69.1667
-0
0
-0
-74.0333
-67.6667
-0
0
-0
-69.2667
-63
-0
0
-0
-70.9333
-60.9667
-0
0
-0
-68.8667
-59.7667
-0
0
-0
-67.0333
-57.4
-0
0
-0
-64.6333
-54.8
-0
0
-0
-63.3
-54.2
-0
0
-0
-61.8
-53.0333
-0
0
-0
-57.5667
-49.7667
-0
0
-0
-56.4667
-48.2333
-0
0
-0
-52.6667
-47.9
-0
0
-0
-49.7333
-47.2
-0
0
-0
-45.8667
-44.7
-0
0
-0
-43.6333
-44.0333
-0
0
-0
-40.9667
-42.5
-0
0
-0
-40.9667
-42.5
-0
0
-0
-39.0667
-41.5333
-0
0
-0
-36.1333
-39.7333
-0
0
-0
-35.4667
-39.2
-0
0
-0
-33.3667
-40
-0
0
-0
-29.7667
-37.8
-0
0
-0
-29.7667
-37.8
-0
0
-0
-28.2667
-38.0333
-0
0
-0
-26.7667
-38
-0
0
-0
-26.6333
-36.6333
-0
0
-0
-25.5
-37.1667
-0
0
-0
-25.2667
-34.7333
-0
0
-0
-25
-34.5
-0
0
-0
-24.9333
-32.5333
-0
0
-0
-25.3667
-30.5667
-0
0
-0
-25.4333
-27.6333
-0
0
-0
-24.4667
-24.0667
-0
0
-0
-24.7667
-19.9
-0
0
-0
-24.0667
-13.1667
-0
0
-0
-22.0667
-2.83333
-0
0
-0
-20.1
-0
-0
0
-0
-19.7333
2.06667
-0
0
-0
-18.6667
5.03333
-0
0
-0
-17.4
4.86667
-0
0
-0
-15.8667
4.66667
-0
0
-0
-14.2333
4
-0
0
-0
-9.76667
3.6
-0
0
-0
-9.76667
3.6
-0
0
-0
-9.76667
3.6
-0
0
-0
-9.76667
3.6
-0
0
-0
-9.76667
4.56667
-0
0
-0
-10.5333
4.56667
-0
0
-0
-10.5333
4.56667
-0
0
-0
-10.5333
4.56667
-0
0
-0
-8.5
3.36667
-0
0
-0
-8.5
3.36667
-0
0
-0
2.23333
3.33333
-0
0
-0
3.46667
15.3
-0
0
-0
18.0333
34.9333
-0
0
-0
32.6333
47.3667
-0
0
-0
44.9667
57.3
-0
0
-0
52.8667
62.2
-0
0
-0
56.7
52.8667
-0
0
-0
45.3333
42.9667
-0
0
-0
45.3333
42.9667
-0
0
-0
49.3667
34.2333
-0
0
-0
44.2333
27.4
-0
0
-0
29.5333
27.5333
-0
0
-0
32.7333
34.6
-0
0
-0
46.1333
60.4
-0
0
-0
56.7667
61.1667
-0
0
-0
55.6
60.1667
-0
0
-0
57.5333
59.4
-0
0
-0
61.4333
60.2333
-0
0
-0
61.3333
62.2
-0
0
-0
64.9
64.8
-0
0
-0
65
66.7333
-0
0
-0
64.4333
68.2667
-0
0
-0
64.4333
68.2667
-0
0
-0
67.5
70.1333
-0
0
-0
68.1
69.7333
-0
0
-0
70.2
71.3333
-0
0
-0
74.2667
73.0667
-0
0
-0
80.2333
78.2333
-0
0
-0
82.6333
83.7
-0
0
-0
90.8333
90.5333
-0
0
-0
89.6333
92.7333
-0
0
-0
93
95.7333
-0
0
-0
93.7
94.2
-0
0
-0
92.8
94.2667
-0
0
-0
94.1
89.4333
-0
0
-0
91.3667
91.7667
-0
0
-0
91.3
89.3
-0
0
-0
90.7667
91.9
-0
0
-0
90.7667
91.9
-0
0
-0
94.2
92.6333
-0
0
-0
92.7667
96.4
-0
0
-0
96
95.5333
-0
0
-0
92.6667
96.2333
-0
0
-0
94.6667
95.6333
-0
0
-0
97.1
95.9
-0
0
-0
95.8333
95.8667
-0
0
-0
95.6333
94.5667
-0
0
-0
94.6333
96.5333
-0
0
-0
96.4333
93.5
-0
0
-0
94.7667
95.0333
-0
0
-0
94.1
94.5333
-0
0
-0
94.6333
95.5667
-0
0
-0
95.6333
94.7
-0
0
-0
95.8333
95.3
-0
0
-0
98.9
98.5
-0
0
-0
94.2
99.4
-0
0
-0
95.6
99.4
-0
0
-0
96.6667
99.0333
-0
0
-0
97.6333
97.0667
-0
0
-0
97.5333
94.1333
-0
0
-0
96.3667
96.9333
-0
0
-0
97.0333
98.2
-0
0
-0
98.5333
97.1
-0
0
-0
98.5333
97.1
-0
0
-0
97.1667
100.867
-0
0
-0
99.5333
99.8
-0
0
-0
96.0333
99.8
-0
0
-0
98
100.567
-0
0
-0
98.2667
101.833
-0
0
-0
98.7333
99.3667
-0
0
-0
97.6667
100.267
-0
0
-0
99.6667
100.033
-0
0
-0
97.9
100.833
-0
0
-0
101.733
100.6
-0
0
-0
100.033
100.6
-0
0
-0
101.667
101.3
-0
0
-0
100.2
101.733
-0
0
-0
101.3
103.433
-0
0
-0
99.5333
101.033
-0
0
-0
99.9
103.333
-0
0
-0
98.6333
101.567
-0
0
-0
98.4667
99.6333
-0
0
-0
101.367
99.9
-0
0
-0
98.4333
101.533
-0
0
-0
101.233
99.9
-0
0
-0
99.4333
102.433
-0
0
-0
99.7333
99.6
-0
0
-0
98.5667
101.1
-0
0
-0
99.7
100
-0
0
-0
98
101.233
-0
0
-0
102.033
101.833
-0
0
-0
100.2
103.6
-0
0
-0
104.433
103.2
-0
0
-0
101.767
104.3
-0
0
-0
102.4
102.7
-0
0
-0
101
101.667
-0
0
-0
104.067
98.2333
-0
0
-0
100.3
99.7667
-0
0
-0
101.8
96.6333
-0
0
-0
101.8
96.6333
-0
0
-0
100.967
97.9333
-0
0
-0
101.733
98.8333
-0
0
-0
99.7333
101.533
-0
0
-0
100.933
99.7333
-0
0
-0
100.533
103.1
-0
0
-0
100.767
101.967
-0
0
-0
100.867
101.667
-0
0
-0
103.033
100.933
-0
0
-0
104.333
100.233
-0
0
-0
103.133
99.6667
-0
0
-0
102.133
98.5667
-0
0
-0
100.133
100.7
-0
0
-0
102.233
100.567
-0
0
-0
102.233
100.567
-0
0
-0
99.3
101.2
-0
0
-0
99.6667
99.8
-0
0
-0
98.2667
100.867
-0
0
-0
98.1
99.8
-0
0
-0
96.8333
99.6
-0
0
-0
100.3
99.6
-0
0
-0
96.4333
99.9333
-0
0
-0
98.5333
99.0667
-0
0
-0
93.2333
96.3
-0
0
-0
87.1
87.6667
-0
0
-0
80.4333
84.7667
-0
0
-0
73.3333
83.4
-0
0
-0
70.5333
79.9333
-0
0
-0
67.2667
79.3333
-0
0
-0
65.5333
75.2667
-0
0
-0
63.8333
74.8333
-0
0
-0
64.4
73.2667
-0
0
-0
64.4
73.2667
-0
0
-0
60.8667
72.3667
-0
0
-0
63.6667
79.6
-0
0
-0
70.8
72.8667
-0
0
-0
81.3
72.7
-0
0
-0
84
80.3
-0
0
-0
82.3
80.4
-0
0
-0
82.1333
79.4333
-0
0
-0
80.9667
77.8333
-0
0
-0
77.3667
79.8667
-0
0
-0
75.1667
77.8667
-0
0
-0
72.8
77.3
-0
0
-0
70.3
72.9
-0
0
-0
71.1333
72.8
-0
0
-0
66.4667
70.9
-0
0
-0
65.2333
68.3667
-0
0
-0
58.0667
67.4
-0
0
-0
56.8
67.1333
-0
0
-0
54.1
62.0333
-0
0
-0
52.3667
57.9333
-0
0
-0
52
53
-0
0
-0
48.4333
49.6
-0
0
-0
46.3667
47.3
-0
0
-0
45.4333
46.3
-0
0
-0
43.1667
44.3667
-0
0
-0
41.5
41.2333
-0
0
-0
42.4667
41.8333
-0
0
-0
42.4667
41.8333
-0
0
-0
39.9667
40.9333
-0
0
-0
40.4333
37.0667
-0
0
-0
36.6
36.9667
-0
0
-0
35.9333
35.7333
-0
0
-0
34.6333
35.5333
-0
0
-0
34.3333
33.1
-0
0
-0
35.5333
34.7333
-0
0
-0
36.2
32.4667
-0
0
-0
36
32.0333
-0
0
-0
34.4333
31.7667
-0
0
-0
32.5
32.7667
-0
0
-0
32.1333
33.0667
-0
0
-0
31.4667
33.0333
-0
0
-0
30.5667
32.2667
-0
0
-0
29
29.8
-0
0
-0
27.5
30
-0
0
-0
26.8333
28.2
-0
0
-0
24.8333
27.7
-0
0
-0
23.9667
26.3
-0
0
-0
22.1667
25.2333
-0
0
-0
21.1667
23.9
-0
0
-0
20.1667
23.1667
-0
0
-0
18.3333
21.5
-0
0
-0
16.8
20.7667
-0
0
-0
15.9333
19.4333
-0
0
-0
15.1333
18.5333
-0
0
-0
13.7333
17.6667
-0
0
-0
12.4
15.7
-0
0
-0
10.5
14.5333
-0
0
-0
9.5
13.7
-0
0
-0
8.86667
12.7667
-0
0
-0
8.03333
11.7
-0
0
-0
6.9
9.2
-0
0
-0
2.23333
2.3
-0
0
-0
2.23333
2.3
-0
0
-0
-1.9
-1.96667
-0
0
-0
-5.33333
-10.5667
-0
0
-0
-5.9
-22.5333
-0
0
-0
-6.66667
-24.4667
-0
0
-0
-19
-24.4333
-0
0
-0
-27.2667
-26.9333
-0
0
-0
-27.2667
-27.6667
-0
0
-0
-26.1667
-28.4333
-0
0
-0
-36.1333
-33.8667
-0
0
-0
-50.0667
-40.6
-0
0
-0
-55.6667
-44.5667
-0
0
-0
-49.9
-45.3333
-0
0
-0
-46.4667
-45.9667
-0
0
-0
-50.0667
-51.5
-0
0
-0
-53.8
-58.4333
-0
0
-0
-53.8
-58.4333
-0
0
-0
-62.5667
-64.0667
-0
0
-0
-65.7
-64.8667
-0
0
-0
-69.0667
-68.8333
-0
0
-0
-73.0667
-72.2
-0
0
-0
-75.8
-73.7
-0
0
-0
-80.1667
-75.9667
-0
0
-0
-83.1333
-79.5
-0
0
-0
-80.3667
-80.1
-0
0
-0
-80.5667
-83.7
-0
0
-0
-79.8
-83.6333
-0
0
-0
-83.1
-84.7667
-0
0
-0
-85.1
-85.6333
-0
0
-0
-86.5667
-84.7667
-0
0
-0
-89.4333
-86.6
-0
0
-0
-89.3667
-87.7667
-0
0
-0
-90.6
-90.1333
-0
0
-0
-90.1333
-91.8
-0
0
-0
-92.5667
-93.7
-0
0
-0
-91.8
-94.4333
-0
0
-0
-91.8667
-94.2667
-0
0
-0
-94.3333
-96.0333
-0
0
-0
-92.8
-93.8333
-0
0
-0
-94.1667
-95.3333
-0
0
-0
-95
-93.1
-0
0
-0
-93.4333
-96.5667
-0
0
-0
-91.4667
-93.4333
-0
0
-0
-95.2667
-94.6
-0
0
-0
-95.2667
-94.6
-0
0
-0
-94.6
-96.1333
-0
0
-0
-99.8333
-99.2
-0
0
-0
-98.8
-96.8
-0
0
-0
-98.9333
-98.1667
-0
0
-0
-100.633
-100.567
-0
0
-0
-98.2667
-98.1667
-0
0
-0
-98.7
-97.8667
-0
0
-0
-98.6667
-98
-0
0
-0
-97.9
-99.9667
-0
0
-0
-100.5
-100.2
-0
0
-0
-98.6333
-97.6667
-0
0
-0
-100.1
-100.267
-0
0
-0
-100.1
-100.267
-0
0
-0
-100.5
-99.8
-0
0
-0
-100.233
-100.267
-0
0
-0
-102.333
-101
-0
0
-0
-102.4
-101.733
-0
0
-0
-97.9667
-100.467
-0
0
-0
-100.033
-101.533
-0
0
-0
-96.9
-97.4
-0
0
-0
-97.5
-99.5667
-0
0
-0
-98.7667
-96.9
-0
0
-0
-102.033
-102.7
-0
0
-0
-101.033
-99.5
-0
0
-0
-102.833
-106
-0
0
-0
-101.7
-100.433
-0
0
-0
-101.367
-102.433
-0
0
-0
-99.3
-100.867
-0
0
-0
-100.867
-100.8
-0
0
-0
-97.3667
-96.8667
-0
0
-0
-97.5
-98.5333
-0
0
-0
-97.0667
-98
-0
0
-0
-96.6
-98.3
-0
0
-0
-98.2333
-99.6667
-0
0
-0
-99.1667
-100.567
-0
0
-0
-101.433
-102.8
-0
0
-0
-101.067
-98.5667
-0
0
-0
-102.567
-102.167
-0
0
-0
-101.433
-102.333
-0
0
-0
-100.833
-102.067
-0
0
-0
-99.3333
-100.1
-0
0
-0
-103.533
-100.9
-0
0
-0
-99.8333
-99.5
-0
0
-0
-102.033
-101
-0
0
-0
-100.7
-99.7667
-0
0
-0
-102.6
-102.1
-0
0
-0
-98.3
-100.7
-0
0
-0
-101.4
-103.3
-0
0
-0
-97.6333
-100.133
-0
0
-0
-98
-100.9
-0
0
-0
-98.2667
-98.6333
-0
0
-0
-98.6667
-99.5
-0
0
-0
-99.9333
-99.2333
-0
0
-0
-102.767
-102.567
-0
0
-0
-97.3
-95.6333
-0
0
-0
-90.4333
-93.5
-0
0
-0
-83.5667
-88.4
-0
0
-0
-74.6667
-81.0667
-0
0
-0
-71.5667
-77.1333
-0
0
-0
-67.0667
-72.6
-0
0
-0
-63.1
-70.3
-0
0
-0
-60.4667
-67.3333
-0
0
-0
-57.4333
-65.1333
-0
0
-0
-54.8333
-67.8333
-0
0
-0
-55.1667
-64.8
-0
0
-0
-57.6333
-66.0667
-0
0
-0
-67.3667
-72.0667
-0
0
-0
-72.1667
-80.0333
-0
0
-0
-78.0333
-81.3
-0
0
-0
-79.5667
-83.7
-0
0
-0
-77.8
-82.0333
-0
0
-0
-75.9667
-80.7333
-0
0
-0
-76.2
-78.0333
-0
0
-0
-74.7333
-78.4
-0
0
-0
-72.3
-74.3333
-0
0
-0
-69.9333
-77.0667
-0
0
-0
-71.5
-72.4
-0
0
-0
-69.0667
-71.0333
-0
0
-0
-65.5
-70.5333
-0
0
-0
-68.1
-69.4333
-0
0
-0
-63.2
-66.7
-0
0
-0
-63.1333
-64.5333
-0
0
-0
-60.9
-62.9667
-0
0
-0
-58.3333
-60.1333
-0
0
-0
-56.7667
-60.6333
-0
0
-0
-56.7667
-60.6333
-0
0
-0
-53.3667
-59.1333
-0
0
-0
-52.9333
-55.8333
-0
0
-0
-52.4667
-56
-0
0
-0
-48.4
-53.5667
-0
0
-0
-46.9667
-51.0333
-0
0
-0
-43.7667
-48.1
-0
0
-0
-43.7667
-48.1
-0
0
-0
-42.4667
-46.1
-0
0
-0
-40.6333
-44.8333
-0
0
-0
-39.7333
-42.8667
-0
0
-0
-37.6
-42.1
-0
0
-0
-38.6
-41.9
-0
0
-0
-38
-39.7667
-0
0
-0
-34.9333
-38.6
-0
0
-0
-33.5667
-36.5667
-0
0
-0
-33.3
-35.9667
-0
0
-0
-32.8
-34.5667
-0
0
-0
-31.6667
-33.9
-0
0
-0
-30.9
-32.9333
-0
0
-0
-29.9333
-30.9667
-0
0
-0
-29.6
-29.3333
-0
0
-0
-29.5333
-27.9333
-0
0
-0
-29.4
-27.1333
-0
0
-0
-28.1667
-25.9667
-0
0
-0
-27.9
-24.8333
-0
0
-0
-27.4
-24
-0
0
-0
-26.0667
-22.9
-0
0
-0
-25.4667
-21.9667
-0
0
-0
-24.5333
-20.8667
-0
0
-0
-23.4
-18.7333
-0
0
-0
-22.1
-17.7
-0
0
-0
-20.5667
-17.2333
-0
0
-0
-20
-15.8333
-0
0
-0
-19.8667
-15
-0
0
-0
-18.6667
-13.9333
-0
0
-0
-17.3333
-13.3333
-0
0
-0
-15.6333
-11.9333
-0
0
-0
-14
-10.8667
-0
0
-0
-12.9667
-9.96667
-0
0
-0
-12.0667
-9.26667
-0
0
-0
-10.6333
-8.56667
-0
0
-0
-8.86667
-7.7
-0
0
-0
-7.86667
-6.16667
-0
0
-0
-6.73333
-5.9
-0
0
-0
-5.4
-4.66667
-0
0
-0
-5.4
-4.66667
-0
0
-0
-5.4
-3.6
-0
0
-0
-4.33333
-3.4
-0
0
-0
-3.7
-3.4
-0
0
-0
-3.7
-3.46667
-0
0
-0
-3.7
-3.46667
-0
0
-0
-3.76667
-3.46667
-0
0
-0
-3.76667
-3.46667
-0
0
-0
-3
-2.9
-0
0
-0
-3
-2.9
-0
0
-0
-3
-2.9
-0
0
-0
0
-0
-0
0
-0
0
-0
-0
0
-0
0
-0
-0
0
-0
0
-0
-0
0
-0
0
-0
-0
0
-0
0
-0
-0
0
-0
0
-0
-0
0
-0
0
-0
-0
0
-0
0
-0
-0
0
-0
0
-0
-0
0
-0
0
-0
-0
0
-0
0
-0
-0
0
-0
0
-0
-0
0
-0
0
-0
-0
0
-0
0
-0
-0
0
-0
0
-0
-0
0
-0
0
-0
-0
0
-0
0
-0
-0
0
-0
0
-0
-0
0
-0
0
-0
-0
0
-0
0
-0
-0
0
-0
0
-0
-0
0
-0
0
-0
-0
0
-0
0
-0
-0
0
-0
0
-0
-0
0
-0
0
-0
-0
0
-0
0
-0
-0
0
-0
0
-0
-0
0
-0
0
-0
-0
0
-0
0
-0
-0
0
-0
0
-0
-0
0
-0
0
-0
-0
0
-0
0
-0
-0
0
-0
0
-0
-0
0
-0
0
-0
-0
0
-0
0
-0
-0
0
-0
0
-0
-0
0
-0
0
1.53333
-0
0
-0
0
2.06667
-0
0
-0
0
2.7
-0
0
-0
3.96667
4.93333
-0
0
-0
8.46667
10.7667
-0
0
-0
16.0667
15.9667
-0
0
-0
21.9667
24.9333
-0
0
-0
28.0333
23.6333
-0
0
-0
35.9
20.7667
-0
0
-0
33
26.1
-0
0
-0
34.2667
42.9
-0
0
-0
47.0333
60.6333
-0
0
-0
57
70.2
-0
0
-0
51.5333
64.9667
-0
0
-0
44.0667
47.2667
-0
0
-0
44.0667
47.2667
-0
0
-0
39.9333
41.9333
-0
0
-0
39.2333
41.5667
-0
0
-0
47.5
41.3
-0
0
-0
56
56.1
-0
0
-0
60.8667
59.4333
-0
0
-0
65.3
60.0333
-0
0
-0
65.0667
62.5
-0
0
-0
65.0667
62.5
-0
0
-0
65.8333
66.1333
-0
0
-0
70.5333
69.1333
-0
0
-0
73.4
73.4
-0
0
-0
73.9
78
-0
0
-0
78.9
79.9333
-0
0
-0
75.4667
84.8
-0
0
-0
75.0667
79.8333
-0
0
-0
69.4
75.4
-0
0
-0
69.1333
70.7
-0
0
-0
67.3333
68.5
-0
0
-0
66.1
69.4333
-0
0
-0
66.5
70.2333
-0
0
-0
63.7
68.3
-0
0
-0
65.9
68.9333
-0
0
-0
63.4333
68.5
-0
0
-0
64.9333
66.4333
-0
0
-0
66.0667
67.1667
-0
0
-0
64.5333
67.8
-0
0
-0
65.2
66.1333
-0
0
-0
65.5333
68.3
-0
0
-0
66.1333
68.3
-0
0
-0
65.1667
66.1
-0
0
-0
66.0667
66.2333
-0
0
-0
65.5
68.2
-0
0
-0
61.8
62.6
-0
0
-0
62.4
62.5
-0
0
-0
62.5333
61.7667
-0
0
-0
62.5333
61.7667
-0
0
-0
62.6667
61.1667
-0
0
-0
62.9667
60.3333
-0
0
-0
63.5
62.9333
-0
0
-0
61.6667
63.7333
-0
0
-0
59.7333
61.3
-0
0
-0
59.4
60.8667
-0
0
-0
59.2667
60.1667
-0
0
-0
59.9667
59.1
-0
0
-0
61.2333
60.1667
-0
0
-0
61.8333
60.7333
-0
0
-0
63.7667
60.4667
-0
0
-0
64.7333
59.0667
-0
0
-0
64.5
60.7
-0
0
-0
62.0667
60.9333
-0
0
-0
60.7667
60.7333
-0
0
-0
62.5
62.5
-0
0
-0
61.5
61.8667
-0
0
-0
61.3
58.6333
-0
0
-0
61.4667
57
-0
0
-0
59.9667
56.5333
-0
0
-0
59.7
57.4
-0
0
-0
59.4667
58.0333
-0
0
-0
58.0667
61.9333
-0
0
-0
58.4667
61.2333
-0
0
-0
60.0667
62.1333
-0
0
-0
59.5
63.4
-0
0
-0
59.5333
63.5
-0
0
-0
61.4333
61.8667
-0
0
-0
63.2333
63
-0
0
-0
66.1667
65.1667
-0
0
-0
63.5333
64.5
-0
0
-0
67.7
66.3
-0
0
-0
67.5333
68.5
-0
0
-0
67.5
66.3
-0
0
-0
66.6
65.4
-0
0
-0
65.5667
65.9333
-0
0
-0
64.8
65.6
-0
0
-0
65.5333
65.4333
-0
0
-0
68.0333
65.9
-0
0
-0
66.7667
66.6667
-0
0
-0
68.0667
65.9667
-0
0
-0
65.2
67.0667
-0
0
-0
63.8333
68.4
-0
0
-0
63.6333
67.6667
-0
0
-0
65.3667
67.3667
-0
0
-0
64.6
66.2667
-0
0
-0
62.6
62.8667
-0
0
-0
62.6
62.8667
-0
0
-0
65.9
63.1667
-0
0
-0
64.3333
63.4667
-0
0
-0
63.6333
61.9667
-0
0
-0
63.8
62
-0
0
-0
63.6
62.9667
-0
0
-0
62.8
63.7333
-0
0
-0
62.9
62.6
-0
0
-0
62.1
63.3667
-0
0
-0
62.7333
62.6333
-0
0
-0
63.9333
62.4333
-0
0
-0
63.5667
61.6333
-0
0
-0
60.6667
65.1333
-0
0
-0
61.9333
64.9667
-0
0
-0
62.4333
64.1667
-0
0
-0
62.1333
62.2667
-0
0
-0
62.9333
61.4333
-0
0
-0
62.4
61.6667
-0
0
-0
63.3667
61.3
-0
0
-0
61.4333
60.9
-0
0
-0
59.7333
56.6333
-0
0
-0
59.7333
56.6333
-0
0
-0
47.2333
46.7667
-0
0
-0
40.0333
36.3
-0
0
-0
36.6333
30.4667
-0
0
-0
33.4667
27.8667
-0
0
-0
32.5333
26.3333
-0
0
-0
29.9
25.7
-0
0
-0
28.3667
25.7667
-0
0
-0
27.1667
25.0667
-0
0
-0
26.1333
32.8667
-0
0
-0
25.9667
43.6667
-0
0
-0
30.5667
53.4667
-0
0
-0
33.6333
56.6
-0
0
-0
44.5
53.0333
-0
0
-0
45.2333
54.2667
-0
0
-0
42.4333
52.2333
-0
0
-0
42.3
51.4
-0
0
-0
42.9333
49.5333
-0
0
-0
40.6333
44.1333
-0
0
-0
39.1
38.1333
-0
0
-0
37.4667
31.7667
-0
0
-0
36.7
26.2667
-0
0
-0
35.6
24.6333
-0
0
-0
30.6333
23.4667
-0
0
-0
27.3
22.5667
-0
0
-0
22.9333
20.5333
-0
0
-0
19.0667
19.2667
-0
0
-0
17.4
18.1
-0
0
-0
16.0667
16.4
-0
0
-0
14.1333
15.1333
-0
0
-0
14.1333
15.1333
-0
0
-0
12.7333
13.4667
-0
0
-0
11.7
12.4
-0
0
-0
11.0333
11.8333
-0
0
-0
9.73333
10.6333
-0
0
-0
8.43333
9.86667
-0
0
-0
7.63333
8.33333
-0
0
-0
6.76667
7.43333
-0
0
-0
6.43333
6.56667
-0
0
-0
5
4.8
-0
0
-0
5
4.7
-0
0
-0
3.03333
3.83333
-0
0
-0
3.03333
3.66667
-0
0
-0
3.03333
3.36667
-0
0
-0
3.03333
3.13333
-0
0
-0
2.86667
3.13333
-0
0
-0
2.86667
3.13333
-0
0
-0
2.86667
3.13333
-0
0
-0
2.26667
3.66667
-0
0
-0
2.26667
3.66667
-0
0
-0
3.06667
3.66667
-0
0
-0
3.06667
3.23333
-0
0
-0
-1.4
3.23333
-0
0
-0
-1.4
3.23333
-0
0
-0
-1.4
4.46667
-0
0
-0
-1.63333
4.46667
-0
0
-0
-2.2
-1.6
-0
0
-0
-4.76667
-4.06667
-0
0
-0
-11.8333
-12.8333
-0
0
-0
-19
-23.2667
-0
0
-0
-28
-30.2333
-0
0
-0
-28.2
-29.8667
-0
0
-0
-24.3
-25.7333
-0
0
-0
-23.5667
-24.6333
-0
0
-0
-25.0333
-24.2667
-0
0
-0
-25.4
-27.3333
-0
0
-0
-19.8667
-26.3667
-0
0
-0
-34.3667
-35.2
-0
0
-0
-45.9
-42.4
-0
0
-0
-50.4333
-47.7
-0
0
-0
-48.4333
-44.2333
-0
0
-0
-49.6
-47.1667
-0
0
-0
-51.0333
-47.1667
-0
0
-0
-53.6667
-55.7667
-0
0
-0
-63.1667
-64.3
-0
0
-0
-67.1667
-63.9667
-0
0
-0
-71.6
-68.3
-0
0
-0
-71.6
-68.3
-0
0
-0
-74.3333
-73.4667
-0
0
-0
-74.2333
-75.8333
-0
0
-0
-74.1333
-77.6667
-0
0
-0
-77.7667
-81.8667
-0
0
-0
-76.8333
-80.5
-0
0
-0
-78.7333
-75.9667
-0
0
-0
-76.2
-76.5333
-0
0
-0
-77
-78
-0
0
-0
-75.4333
-74.3
-0
0
-0
-73.7333
-72.5667
-0
0
-0
-72.4
-71.7
-0
0
-0
-67.5333
-68.9333
-0
0
-0
-65.1667
-66.5
-0
0
-0
-63.5
-63.9333
-0
0
-0
-61.7667
-63.4667
-0
0
-0
-60.2667
-62.1333
-0
0
-0
-61.4333
-61.8
-0
0
-0
-63.6333
-62.7667
-0
0
-0
-62.8
-61.2
-0
0
-0
-63.0667
-63.6
-0
0
-0
-64.4
-64.4
-0
0
-0
-64.1667
-64.8667
-0
0
-0
-64.1667
-62.0333
-0
0
-0
-63.8
-65.4
-0
0
-0
-63.9
-65.4667
-0
0
-0
-63.4667
-63.4333
-0
0
-0
-64.5667
-62.4
-0
0
-0
-63.7667
-66.1667
-0
0
-0
-64.3667
-61.2667
-0
0
-0
-65.5667
-63.5333
-0
0
-0
-63.3667
-63.7
-0
0
-0
-63.5
-61.7333
-0
0
-0
-62.4
-63.8333
-0
0
-0
-62.4667
-62.9
-0
0
-0
-62.4667
-64.0667
-0
0
-0
-62.1667
-62.3333
-0
0
-0
-63.6
-62.7
-0
0
-0
-62.0333
-62.6
-0
0
-0
-61.6333
-60.8333
-0
0
-0
-61.3333
-62.7667
-0
0
-0
-60.7
-63.4333
-0
0
-0
-61
-63.0667
-0
0
-0
-61
-63.0667
-0
0
-0
-61.9
-62.2
-0
0
-0
-63.2
-62.9333
-0
0
-0
-62.6333
-63.9
-0
0
-0
-61.9333
-61.7
-0
0
-0
-63.6333
-61.8667
-0
0
-0
-62.4
-60.0333
-0
0
-0
-58.1333
-61.4
-0
0
-0
-54.5333
-57.7
-0
0
-0
-53.0667
-54.4333
-0
0
-0
-55.5333
-53.8333
-0
0
-0
-57.3
-55.5333
-0
0
-0
-59.4333
-56.8667
-0
0
-0
-58.4333
-57.0333
-0
0
-0
-60.5667
-60.7333
-0
0
-0
-61.7333
-61.9333
-0
0
-0
-60.8667
-61.9667
-0
0
-0
-62.7
-63.8667
-0
0
-0
-63.4
-66.1333
-0
0
-0
-63.4
-66.1333
-0
0
-0
-64.1333
-67
-0
0
-0
-67.3
-66.3333
-0
0
-0
-70.6667
-67.8333
-0
0
-0
-68.6333
-67.3333
-0
0
-0
-69.3333
-67.2667
-0
0
-0
-70.1667
-69.6667
-0
0
-0
-66.3667
-69.2667
-0
0
-0
-67.2
-69.4333
-0
0
-0
-67.1
-70.2
-0
0
-0
-65.9333
-67.7667
-0
0
-0
-65.1
-66.7333
-0
0
-0
-68.7333
-66.2
-0
0
-0
-65.7
-64.4333
-0
0
-0
-65.8333
-62.6667
-0
0
-0
-65.3
-64.5
-0
0
-0
-64.3
-64.1333
-0
0
-0
-61.7333
-62.5667
-0
0
-0
-63.1667
-63.9
-0
0
-0
-64.0667
-63.0667
-0
0
-0
-62.9333
-63.1667
-0
0
-0
-61.4333
-62.8
-0
0
-0
-63.4333
-63.4
-0
0
-0
-62.1667
-63.5333
-0
0
-0
-63.5
-63.3333
-0
0
-0
-63.3667
-66.0333
-0
0
-0
-63.3667
-66.0333
-0
0
-0
-63.9333
-65.0333
-0
0
-0
-64.5333
-64.0333
-0
0
-0
-64.4
-63.3667
-0
0
-0
-61.2333
-62.9
-0
0
-0
-62.4
-64.8
-0
0
-0
-62.6333
-62.7667
-0
0
-0
-61.4
-62.1
-0
0
-0
-63.5
-63.4667
-0
0
-0
-62.9333
-63.4333
-0
0
-0
-62.7333
-61.9667
-0
0
-0
-62.7
-61.6
-0
0
-0
-63.8333
-61.7667
-0
0
-0
-64.3333
-62.2667
-0
0
-0
-61.6667
-62.2
-0
0
-0
-64
-61.6667
-0
0
-0
-60
-62.3667
-0
0
-0
-51.3667
-57.8
-0
0
-0
-45.2
-53.9667
-0
0
-0
-40.7333
-48.7333
-0
0
-0
-37.5
-43.8667
-0
0
-0
-34.5667
-38.9667
-0
0
-0
-31.8333
-32.6333
-0
0
-0
-27.4
-30.5333
-0
0
-0
-24.1
-28.9
-0
0
-0
-22.1
-27.3333
-0
0
-0
-22.5
-26.4667
-0
0
-0
-19.4667
-25.7333
-0
0
-0
-19.1333
-25.9333
-0
0
-0
-20.9
-30.8
-0
0
-0
-20.9
-30.8
-0
0
-0
-30.1
-36.1667
-0
0
-0
-36.1333
-39.0667
-0
0
-0
-40.1
-40.6333
-0
0
-0
-41.2667
-39.6
-0
0
-0
-40.8
-36.3667
-0
0
-0
-37.7333
-35.6
-0
0
-0
-37.7333
-35.4
-0
0
-0
-38.0333
-34.2667
-0
0
-0
-34.1
-34.1333
-0
0
-0
-34.3
-32.0667
-0
0
-0
-32.8333
-31.4667
-0
0
-0
-32.5
-29.3667
-0
0
-0
-30.5
-28.2
-0
0
-0
-29.3333
-27.4
-0
0
-0
-26.8333
-25.6667
-0
0
-0
-25
-24.9667
-0
0
-0
-23.1667
-20.8667
-0
0
-0
-17.8
-18.0667
-0
0
-0
-15.1333
-16.1
-0
0
-0
-15.1333
-16.1
-0
0
-0
-13.8667
-13.7667
-0
0
-0
-12.3333
-12.3333
-0
0
-0
-10.8
-11.2333
-0
0
-0
-8.53333
-10.5667
-0
0
-0
-7.13333
-9.13333
-0
0
-0
-6.66667
-7.66667
-0
0
-0
-4.96667
-6.5
-0
0
-0
-4.96667
-5.76667
-0
0
-0
-3.36667
-4.5
-0
0
-0
-3.36667
-3.86667
-0
0
-0
-3.36667
-3.86667
-0
0
-0
-3.36667
-3.86667
-0
0
-0
-3.36667
-3.86667
-0
0
-0
-2.76667
-3.86667
-0
0
-0
-2.76667
-3.86667
-0
0
-0
-2.63333
-3.86667
-0
0
-0
-2.63333
-3.86667
-0
0
-0
-2.63333
-3.23333
-0
0
-0
-2.63333
-3.23333
-0
0
-0
-1.63333
-3.23333
-0
0
-0
-1.63333
-3.76667
-0
0
-0
-1.63333
-3.76667
-0
0
-0
0
-3.76667
-0
0
-0
0
-0
-0
0
-0
-1.73333
-2.33333
-0
0
-0
-2.66667
-2.7
-0
0
-0
-9.03333
-5.1
-0
0
-0
-14.2333
-13.7333
-0
0
-0
-23.9
-23.4667
-0
0
-0
-30.5
-32.6
-0
0
-0
-38.3333
-38.9
-0
0
-0
-45.9667
-31.0333
-0
0
-0
-39.6
-27.4667
-0
0
-0
-27.6333
-19
-0
0
-0
-17.5667
-14.9
-0
0
-0
-16.6333
-17.0333
-0
0
-0
-27.2667
-35.4
-0
0
-0
-42.4
-46.9667
-0
0
-0
-49.2333
-52.6
-0
0
-0
-42.1
-48.4667
-0
0
-0
-39.8
-44.6
-0
0
-0
-42.6
-45.7667
-0
0
-0
-55.0667
-49.7
-0
0
-0
-57.0667
-57.6667
-0
0
-0
-62.1
-64.6333
-0
0
-0
-65.1333
-64.5
-0
0
-0
-65.7
-66.2333
-0
0
-0
-70.9333
-70.7667
-0
0
-0
-74.9667
-74.5333
-0
0
-0
-76.4667
-77.2
-0
0
-0
-76.0333
-79.7667
-0
0
-0
-75.2333
-80.0667
-0
0
-0
-69.3333
-70.2333
-0
0
-0
-59.7667
-58.7
-0
0
-0
-56.8667
-54.7
-0
0
-0
-51.4333
-51.8667
-0
0
-0
-47.3
-48.9333
-0
0
-0
-39.6667
-45.4667
-0
0
-0
-34.3667
-43.5667
-0
0
-0
-31.1667
-41.4667
-0
-1.1
-0
-23.3
-39.2667
-0
0
-0
-18.1
-35.6333
-0
-0.566667
-0
-13.0667
-31.6667
-0
0
-0
-8.83333
-26.8
-0
0
-0
-8.83333
-22.6333
-0
0
-0
-8.83333
-22.6333
-0
0
-0
-8.83333
-17.5333
-0
1.1
-0
-8.83333
-13.2333
-0
1.1
-0
-8.83333
-9.03333
-0
0
-0
-8.86667
-9.03333
-0
0
-0
-8.86667
-2.1
-0
0
-0
-8.86667
-2.1
-0
9.1
-0
-7.1
-2.1
-0
9.1
-0
-7.1
-1.26667
-0
9.1
-0
-7.1
-1.26667
-0
0
-0
-9.26667
-1.26667
-0
0
-0
1.83333
-0
-0
0
-0
1.83333
-0
-0
0
-0
1.83333
-0
-0
0
-0
1.83333
5.26667
-0
0
-0
1.83333
5.26667
-0
0
-0
1.83333
-0
-0
0
-0
1.83333
-0
-0
0
-0
1.83333
81.0667
-0
0
-0
1.83333
81.0667
-0
0
-0
1.83333
3.3
-0
0
-0
1.83333
3.3
-0
0
-0
1.83333
3.3
-0
0
-0
1.83333
3.3
-0
0
-0
0
3.3
-0
0
-0
0
3.3
-0
0
-0
0
3.3
-0
0
-0
0
3.3
-0
0
-0
0
3.3
-0
0
-0
0
3.3
-0
0
-0
0
1.66667
-0
0
-0
0
1.66667
-0
0
-0
0
1.66667
-0
0
-0
0
-0
-0
0
-0
0
-0
-0
0
-0
0
-0
-0
0
-0
0
-0
-0
0
-0
0
-0
-0
0
-0
0
-0
-0
0
-0
0
-0
-0
0
-0
0
-0
-0
0
-0
0
-0
-0
0
-0
0
-0
-0
0
-0
0
-0
-0
0
-0
0
-0
-0
0
-0
0
-0
-0
0
-0
0
-0
-0
0
-0
0
-0
-0
0
-0
0
-0
-0
0
-0
0
-0
-0
0
-0
0
-0
-0
0
-0
0
-0
-0
0
-0
0
-0
-0
0
-0
0
-0
-0
0
-0
0
-0
-0
0
-0
0
-0
-0
0
-0
0
-0
-0
0
-0
0
-0
-0
0
-0
0
-0
-0
0
-0
0
-0
-0
0
-0
0
-0
-0
0
-0
0
-0
-0
0
-0
0
-0
-0
0
-0
0
-0
-0
0
-0
0
-0
-0
0
-0
0
-0
-0
0
-0
0
-0
-0
0
-0
0
-0
-0
0
-0
0
-0
-0
0
-0
0
-0
-0
0
-0
0
-0
-0
0
-0
0
-0
-0
0
-0
0
-0
-0
0
-0
0
-0
-0
0
-0
0
-0
-0
0
-0
0
-0
-0
0
-0
0
-0
-0
0
-0
0
-0
-0
0
-0
0
-0
-0
0
-0
0
-0
-0
0
-0
0
-0
-0
0
-0
0
-0
-0
0
-0
0
-0
-0
0
-0
0
-0
-0
0
-0
0
-0
-0
0
-0
0
-0
-0
0
-0
0
-0
-0
0
-0
0
-0
-0
0
-0
0
-0
-0
0
-0
0
-0
-0
0
-0
0
-0
-0
0
-0
0
-0
-0
0
-0
0
-0
-0
0
-0
0
-0
-0
0
-0
0
-0
-0
0
-0
0
-0
-0
0
-0
0
-0
-0
0
-0
0
-0
-0
0
-0
0
-0
-0
0
-0
0
-0
-0
0
-0
0
-0
-0
0
-0
0
-0
-0
0
-0
0
-0
-0
0
-0
0
-0
-0
0
-0
0
-0
-0
0
-0
0
-0
-0
0
-0
0
-0
-0
0
-0
0
-0
-0
0
-0
0
-0
-0
0
-0
0
-0
-0
0
-0
0
-0
-0
0
-0
0
-0
-0
0
-0
0
-0
-0
0
-0
0
-0
-0
0
-0
0
-0
-0
0
-0
0
-0
-0
0
-0
0
-0
-0
0
-0
0
-0
-0
0
-0
0
-0
-0
0
-0
0
-0
-0
0
-0
0
-0
-0
0
-0
0
-0
-0
0
-0
0
-0
-0
0
-0
0
-0
-0
0
-0
0
-0
-0
0
-0
0
-0
-0
0
-0
0
-0
-0
0
-0
0
-0
-0
0
-0
0
-0
-0
0
-0
0
-0
-0
0
-0
0
-0
-0
0
-0
0
-0
-0
0
-0
0
-0
-0
0
-0
0
-0
-0
0
-0
0
-0
-0
0
-0
0
-0
-0
0
-0
0
-0
-0
0
-0
0
-0
-0
0
-0
0
-0
-0
0
-0
0
-0
-0
0
-0
0
-0
-0
0
-0
0
-0
-0
0
-0
0
-0
-0
0
-0
0
-0
-0
0
-0
0
-0
-0
0
-0
0
-0
-0
0
-0
0
-0
-0
0
-0
0
-0
-0
0
-0
0
-0
-0
0
-0
0
-0
-0
0
-0
0
-0
-0
0
-0
0
-0
-0
0
-0
0
-0
-0
0
-0
0
-0
-0
0
-0
0
-0
-0
0
-0
0
-0
-0
0
-0
0
-0
-0
0
-0
0
-0
-0
0
-0
0
-0
-0
0
-0
0
-0
-0
0
-0
0
-0
-0
0
-0
0
-0
-0
0
-0
0
-0
-0
0
-0
0
-0
-0
0
-0
0
-0
-0
0
-0
0
-0
-0
0
-0
0
-0
-0
0
-0
0
-0
-0
0
-0
0
-0
-0
0
-0
0
-0
-0
0
-0
0
-0
-0
0
-0
0
-0
-0
0
-0
0
-0
-0
0
-0
0
-0
-0
0
-0
0
-0
-0
0
-0
0
-0
-0
0
-0
0
-0
-0
0
-0
0
-0
-0
0
-0
0
-0
-0
0
-0
0
-0
-0
0
-0
0
-0
-0
0
-0
0
-0
-0
0
-0
0
-0
-0
0
-0
0
-0
-0
0
-0
0
-0
-0
0
-0
0
-0
-0
0
-0
0
-0
-0
0
-0
0
-0
-0
0
-0
0
-0
-0
0
-0
0
-0
-0
0
-0
0
-0
-0
0
-0
0
-0
-0
0
-0
0
-0
-0
0
-0
0
-0
-0
0
-0
0
-0
-0
0
-0
0
-0
-0
0
-0
0
-0
-0
0
-0
0
-0
-0
0
-0
0
-0
-0
0
-0
0
-0
-0
0
-0
0
-0
-0
0
-0
0
-0
-0
0
-0
0
-0
-0
0
-0
0
-0
-0
0
-0
0
-0
-0
0
-0
0
-0
-0
0
-0
0
-0
-0
0
-0
0
-0
-0
0
-0
0
-0
-0
0
-0
0
-0
-0
0
-0
0
-0
-0
0
-0
0
-0
-0
0
-0
0
-0
-0
0
-0
0
-0
-0
0
-0
0
-0
-0
0
-0
0
-0
-0
0
-0
0
-0
-0
0
-0
0
-0
-0
0
-0
0
-0
-0
0
-0
0
-0
-0
0
-0
0
-0
-0
0
-0
0
-0
-0
0
-0
0
-0
-0
0
-0
0
-0
-0
0
-0
0
-0
-0
0
-0
0
-0
-0
0
-0
0
-0
-0
0
-0
0
-0
-0
0
-0
0
-0
-0
0
-0
0
-0
-0
0
-0
0
-0
-0
0
-0
0
-0
-0
0
-0
0
-0
-0
0
-0
0
-0
-0
0
-0
0
-0
-0
0
-0
0
-0
-0
0
-0
0
-0
-0
0
-0
0
-0
-0
0
-0
0
-0
-0
0
-0
0
-0
-0
0
-0
0
-0
-0
0
-0
0
-0
-0
0
-0
0
-0
-0
0
-0
0
-0
-0
0
-0
0
-0
-0
0
-0
0
-0
-0
0
-0
0
-0
-0
0
-0
0
-0
-0
0
-0
0
-0
-0
0
-0
0
-0
-0
0
-0
0
-0
-0
0
-0
0
-0
-0
0
-0
0
-0
-0
0
-0
0
-0
-0
0
-0
0
-0
-0
0
-0
0
-0
-0
0
-0
0
-0
-0
0
-0
0
-0
-0
0
-0
0
-0
-0
0
-0
0
-0
-0
0
-0
0
-0
-0
0
-0
0
-0
-0
0
-0
0
-0
-0
0
-0
0
-0
-0
0
-0
0
-0
-0
0
-0
0
-0
-0
0
-0
0
-0
-0
0
-0
0
-0
-0
0
-0
0
-0
-0
0
-0
0
-0
-0
0
-0
0
-0
-0
0
-0
0
-0
-0
0
-0
0
-0
-0
0
-0
0
-0
-0
0
-0
0
-0
-0
0
-0
0
-0
-0
0
-0
0
-0
-0
0
-0
0
-0
-0
0
-0
0
-0
-0
0
-0
0
-0
-0
0
-0
0
-0
-0
0
-0
0
-0
-0
0
-0
0
-0
-0
0
-0
0
-0
-0
0
-0
0
-0
-0
0
-0
0
-0
-0
0
-0
0
-0
-0
0
-0
0
-0
-0
0
-0
0
-0
-0
0
-0
0
-0
-0
0
-0
0
-0
-0
0
-0
0
-0
-0
0
-0
0
-0
-0
0
-0
0
-0
-0
0
-0
0
-0
-0
0
-0
0
-0
-0
0
-0
0
-0
-0
0
-0
0
-0
-0
0
-0
0
-0
-0
0
-0
0
-0
-0
0
-0
0
-0
-0
0
-0
0
-0
-0
0
-0
0
-0
-0
0
-0
0
-0
-0
0
-0
0
-0
-0
0
-0
0
-0
-0
0
-0
0
-0
-0
0
-0
0
-0
-0
0
-0
0
-0
-0
0
-0
0
-0
-0
0
-0
0
-0
-0
0
-0
0
-0
-0
0
-0
0
-0
-0
0
-0
0
-0
-0
0
-0
0
-0
-0
0
-0
0
-0
-0
0
-0
0
-0
-0
0
-0
0
-0
-0
0
-0
0
-0
-0
0
-0
